-0.005586298191929462,0.00147877806755492,0.011233762639272227,0.012632930582321124,-1.0057665147334094,-2.998086140713847,1.0112337626392724
-0.020283257100796925,-0.012915715278723372,0.01140139156771136,0.02661236459727615,-1.0062833429192717,-2.9985521567242537,1.0114013915677111
-0.03452105625185531,-0.02804053044417465,0.011782109132832175,0.04600861623600965,-1.0063803726913498,-2.9996534678632556,1.0117821091328316
-0.0487585070090657,-0.043747399012152854,0.012507669453025505,0.06669084435833579,-1.0065928759554468,-3.0010572136371083,1.012507669453025
-0.062217159281310774,-0.05974692038984575,0.012889804508097069,0.08721706521870316,-1.0059293816488342,-3.0029882715717298,1.0128898045080967
-0.0747256026960379,-0.07536213805046366,0.013147023590600715,0.10694022526212978,-1.004221272476136,-3.004762942055529,1.0131470235906004
-0.08698090967841188,-0.08995884926815378,0.013297552298678572,0.125837586226336,-1.0023001863895655,-3.0054221524422258,1.0132975522986782
-0.09853494392688555,-0.1035525069282821,0.013056782005993472,0.14353653340581424,-0.9996920386615502,-3.005044000659218,1.0130567820059933
-0.10878464482753558,-0.11589620394487365,0.013160337865828153,0.15949678219897592,-0.9958873069650359,-3.00315575821977,1.013160337865828
-0.11790955485909926,-0.12759981172134172,0.013031028695117852,0.17422451832978553,-0.9909519148873653,-3.0006415967958415,1.0130310286951179
-0.12644289099307637,-0.13861801351932312,0.01289004440221253,0.1880662425833548,-0.9854089353520048,-2.9974806895474093,1.0128900444022124
-0.13487897420293127,-0.14752679279674163,0.01253752522112328,0.20028400288989143,-0.9797235321284464,-2.9923194116496687,1.012537525221123
-0.1434867349116712,-0.15470463386207234,0.011744550576147206,0.2113288936758193,-0.9741684208992567,-2.985527108986129,1.0117445505761469
-0.15136456746211657,-0.16025968930724632,0.011237354977634562,0.22072761142807243,-0.967886293711396,-2.9771049900306035,1.0112373549776341
-0.1587416755166976,-0.16551167532905398,0.010829027567933136,0.22958724279485945,-0.9611078713188336,-2.968369108396915,1.0108290275679326
-0.16619801287408154,-0.17095348543401778,0.010621263104269807,0.2386622820959827,-0.9545281015531537,-2.959534737437728,1.0106212631042693
-0.17221379027612338,-0.1756870940263533,0.010760029254060721,0.24625052852378115,-0.946538429886578,-2.949918149875075,1.0107600292540602
-0.17727751373147393,-0.18013411536142643,0.011174179969273723,0.2529831589055729,-0.9376744556278862,-2.9398272666804566,1.0111741799692733
-0.1822165414904735,-0.184105668251072,0.011281381639765664,0.2592779100629772,-0.928650620208896,-2.9293458119804043,1.0112813816397654
-0.18626794738358343,-0.1861860530643491,0.011189469978536759,0.263602349793348,-0.9187087753763659,-2.917046551233652,1.0111894699785366
-0.18992389957493427,-0.18733251818754582,0.01062423003739299,0.2669783404400521,-0.9081688553952282,-2.904302542241823,1.0106242300373929
-0.17989786724330026,-0.1751104617163053,0.009858504080070829,0.25124511247760123,-0.8981428230635942,-2.8920804857705824,1.0098585040800707
-0.19702081759408696,-0.18858492497558998,0.008614991890012247,0.27286570795678294,-0.8864860448178524,-2.8787106776419513,1.0086149918900122
-0.19940668751302015,-0.18854926371005742,0.008130996012456038,0.27455412028719334,-0.8743489846225099,-2.8655741299802293,1.008130996012456
-0.20183477191750243,-0.1890376464819421,0.008225943918652279,0.27665894725415036,-0.8622431477241496,-2.8529881614325228,1.0082259439186523
-0.2031505239794419,-0.18881288071093083,0.00837496430122775,0.2774717631445204,-0.8492379112953188,-2.8391749790591074,1.0083749643012276
-0.20376600721928395,-0.18864913708705355,0.008460442730151785,0.277814077600415,-0.8357059068542271,-2.825003950824608,1.0084604427301516
-0.20458084979728242,-0.19071954063814056,0.009443264101958393,0.27985075044012464,-0.8229070841826074,-2.8117783084109544,1.0094432641019582
-0.20425010067111904,-0.19225587835513602,0.010386341600750248,0.2806925408309145,-0.8091238864028893,-2.7976293888704746,1.01038634160075
-0.20334871032785706,-0.194791523327281,0.01143694414665919,0.28182483787554846,-0.7952808600636377,-2.7832465657409022,1.0114369441466589
-0.20378121201893773,-0.1982161235030051,0.012145878328518767,0.2845416249845302,-0.7827511652740147,-2.769802335215734,1.0121458783285184
-0.20393824303852126,-0.20102099646241633,0.01291080810074463,0.28664775763678324,-0.769900651454086,-2.7558478580966352,1.0129108081007443
-0.20444865902332465,-0.2026958939054686,0.01355604813670086,0.2882163181078705,-0.7568511873711314,-2.742096860659706,1.0135560481367005
-0.19213771595670648,-0.18973261156448062,0.014001243631592053,0.27039119920472504,-0.7445402443045133,-2.729133578318718,1.0140012436315917
-0.1933337829441546,-0.1902972255599935,0.014315305950468038,0.2716540330416319,-0.7317522149922002,-2.7152964460145625,1.0143153059504677
-0.21178449678367472,-0.19757058365700253,0.014771292822221005,0.29000862003761674,-0.7188113818449102,-2.702031020100918,1.0147712928222208
-0.21720036572648777,-0.19022753470165554,0.015128183252010707,0.28912173173059136,-0.7063198378617321,-2.6897579490562644,1.0151281832520105
-0.22187764357161294,-0.1801368069289655,0.01561754922540426,0.2862217073725594,-0.6925050027282366,-2.6761487899897447,1.015617549225404
-0.2278425035022289,-0.16732468681168688,0.016492732963966472,0.28316385267087496,-0.6787718058216836,-2.6627296445943087,1.0164927329639664
-0.23515842825675082,-0.1539803899804819,0.017381587258893272,0.2816230928996506,-0.665837443043666,-2.6501115253180294,1.0173815872588932
-0.24275259229881996,-0.1390076160828686,0.018158365623726858,0.28032421343680647,-0.6527817154319225,-2.6368296586636033,1.0181583656237267
-0.2494670446854398,-0.12478301890824639,0.018458393584818267,0.279544845213921,-0.6388162927893865,-2.6243683550339583,1.0184583935848182
-0.25641352691538316,-0.11205797421877994,0.01828180331677276,0.28042665833282654,-0.6251219132450524,-2.6133124175596727,1.0182818033167726
-0.26177522064743214,-0.10024550272294519,0.018125391587975548,0.28089848127287065,-0.6103121300454456,-2.6020358579548972,1.0181253915879753
-0.2663111667914089,-0.09011579592407104,0.01783662038951228,0.28171020439407235,-0.5948496125148548,-2.592024372110566,1.017836620389512
-0.2709393470300844,-0.08262481268215849,0.017275783869210692,0.28378414710505934,-0.579813525626842,-2.583844788014198,1.0172757838692101
-0.2740390330226968,-0.07535525943242849,0.016530800092288356,0.2846911907591004,-0.5633160914902845,-2.5757245267385844,1.0165308000922877
-0.2765810537231056,-0.06942053545109816,0.015533956011859695,0.2855829018171063,-0.5463067441823815,-2.56882863935476,1.0155339560118588
-0.2804337340840283,-0.06352158131730201,0.014199370516849608,0.2878883336094689,-0.5303771678245129,-2.562525936406739,1.0141993705168486
-0.28328276719468437,-0.057042576518187005,0.012822809247005296,0.2892531869527042,-0.5133691376993209,-2.5558237816959433,1.0128228092470042
-0.286220122558572,-0.05079497097550201,0.012443053874549359,0.29095861771662823,-0.4961542069580661,-2.550065757355121,1.0124430538745484
-0.29017307537215786,-0.045662517418734616,0.012487876966833289,0.29400922815294595,-0.47993329372391197,-2.545474983550765,1.0124878769668324
-0.2923962282504052,-0.040549731470640005,0.01301797568380414,0.2954814760832025,-0.4619434890190578,-2.5409982525982886,1.0130179756838034
-0.2931547417906637,-0.03653461464722918,0.013695025725149801,0.29573980866867544,-0.44262860930779746,-2.537282252844301,1.0136950257251491
-0.2937336022614222,-0.03323389146844802,0.014016015634411683,0.295939806943696,-0.42322355796451083,-2.5340646195478134,1.0140160156344111
-0.2923352954472278,-0.02997633056697291,0.014123719604088536,0.29420738402346963,-0.4020450810301271,-2.530398272243524,1.014123719604088
-0.29063177355499986,-0.02643015596635312,0.013613209893918121,0.29214842191555024,-0.3805902573165387,-2.526373616955257,1.0136132098939175
-0.2893901891707153,-0.02314107393926479,0.012594550495045764,0.29058701552804655,-0.3595709905807574,-2.5226697425140108,1.0125945504950449
-0.28635236654005014,-0.01930896056558895,0.011618130716815056,0.2872376972866962,-0.3366654401792417,-2.5186402255971494,1.011618130716814
-0.283267294167694,-0.014712737466092474,0.011067781537952737,0.2838649685625278,-0.31355949192122795,-2.51421633120746,1.0110677815379514
-0.2814513901191032,-0.010502704613782665,0.0108478737132357,0.28185611252601617,-0.2916406634392048,-2.510376709492956,1.0108478737132343
-0.2785638704943931,-0.006947988189201837,0.01062523290555517,0.27885300797909923,-0.2686007602097402,-2.507311809034273,1.0106252329055536
-0.27602118021511246,-0.004509023253680411,0.010393544249849729,0.2762535954157328,-0.24604838363959522,-2.5050181586241878,1.0103935442498484
-0.2744596871781758,-0.003570333543908788,0.010102860308587314,0.27466877316865074,-0.22452580784319234,-2.5041074442087097,1.0101028603085862
-0.2707240627162182,-0.0031290635969143388,0.01066373102077156,0.2709520701745084,-0.20101910726471658,-2.503235433105199,1.0106637310207707
-0.2673050948563934,-0.002819268393668306,0.011627166862452909,0.2675727060439991,-0.17780086145983656,-2.5025629817152675,1.0116271668624521
-0.26544679018658557,-0.002371954046835434,0.012740557024717658,0.2657629514805658,-0.1560981986493574,-2.5018618439744342,1.0127405570247168
-0.2628138904342157,-0.001623636936818329,0.013698702701786636,0.26317566691809197,-0.13345697656516436,-2.501255547611956,1.0136987027017854
-0.2609201108903377,-0.0006634159468665857,0.01424057132782297,0.26130927702530476,-0.11146203651730387,-2.500661478298999,1.0142405713278213
-0.2610727767450218,-0.0003970964783648334,0.014283334768313782,0.2614635081518506,-0.09153525004702202,-2.500708903118852,1.0142833347683118
-0.26080109128297063,7.073198974971717e-06,0.0141551602862926,0.2611849494652193,-0.07122841763886283,-2.500511515384236,1.0141551602862904
-0.2611166225932946,-0.0004828998870562984,0.014482088517025815,0.26151836393386396,-0.0517530499304592,-2.5006186049565025,1.0144820885170236
-0.2633268526591841,-0.0008565440269192592,0.014264442200621397,0.2637143138139387,-0.03414967510121626,-2.5006641823549374,1.0142644422006193
-0.26480158675903664,-0.0010175993006287243,0.014152877030694122,0.2651814846226754,-0.01577666262316744,-2.5005795961069377,1.0141528770306922
-0.2669746934698995,-0.0011954295855050034,0.013909922882508141,0.26733948821645864,0.002100571009545188,-2.501000900350545,1.0139099228825064
-0.27083703231952894,-0.0010713931995627313,0.013970007450674227,0.27119920181890195,0.01839620044150545,-2.501380180522318,1.0139700074506723
-0.27289796258154664,-0.0015747952499269857,0.014525339725458775,0.2732887913094469,0.03627378635608754,-2.5018570719864504,1.0145253397254563
-0.2755226012120759,-0.002819719712474189,0.014770762527623216,0.2759326548699392,0.053541654744277536,-2.502964405559287,1.01477076252762
-0.27918149677830906,-0.004644162761754167,0.014492653841044811,0.27959598245770806,0.06965258407729859,-2.504355066332514,1.0144926538410408
-0.28184704177385744,-0.0057789585297784996,0.01416287931155158,0.2822618260919408,0.08694060413537591,-2.505499662771183,1.0141628793115465
-0.2837898413891483,-0.005065773368584825,0.013348496497744389,0.28414876120484867,0.10521145246827943,-2.5054241668178605,1.0133484964977377
-0.28593834327391426,-0.004729017297607108,0.01218370033190841,0.28623686400009635,0.1229164085167976,-2.5048555619719415,1.0121837003318994
-0.2853842227566046,-0.004517322095387577,0.011062411404009098,0.2856342727044084,0.14314467840101683,-2.503979147557921,1.0110624114039972
-0.28449948134773256,-0.002326252547554475,0.010282960862411539,0.2846947586840013,0.1642281954718855,-2.502389978629244,1.010282960862394
-0.2841149900364016,0.0004766015190966755,0.009230041984705561,0.2842652781952661,0.184741789461309,-2.5000208123798027,1.0092300419846814
-0.28120538010494134,0.003387825506653286,0.008265674851749005,0.2813472312683793,0.2072404501127761,-2.4962394166851567,1.0082656748517143
-0.28102233877740046,0.007726202271923555,0.007400214880226352,0.2812259096771495,0.23002644240424752,-2.4918764301808913,1.0074002148801955
-0.2858980351549914,0.01342303406122003,0.007152812494753413,0.28630233508561975,0.25177223064915205,-2.4872824046100592,1.0071528124947455
-0.28971616899801805,0.0184392019317019,0.006752122163436791,0.2903808772982067,0.2752533609366971,-2.48276575580086,1.0067521221634363
-0.2941734324823108,0.022496183369611344,0.0059109905255013695,0.2950915560527214,0.29841107938802053,-2.478927275047597,1.005910990525501
-0.2968560763976425,0.02292689972801698,0.005666080327220713,0.29779401822671997,0.3203139090836791,-2.4761212371686763,1.0056660803272204
-0.2982195112947732,0.023266452943744298,0.005607817647487967,0.2991782952826697,0.343740584855892,-2.4740123105664393,1.0056078176474876
-0.3016543179615227,0.025915035608839343,0.006291378118390201,0.302830807636983,0.36685912272988414,-2.4729462556022592,1.00629137811839
-0.30738066999458213,0.027355413150838004,0.0069912738173948386,0.3086747038948301,0.3884846940953527,-2.4732313913474506,1.0069912738173947
-0.31316578458596334,0.027772183699104946,0.0077661577007486216,0.31449072486830465,0.4110549802830068,-2.474719806763864,1.0077661577007486
-0.3182468326754389,0.025523401071923857,0.009048017396577679,0.31939686461992056,0.4334150450908179,-2.4767398413695623,1.0090480173965777
-0.324383431698393,0.021743172939310718,0.010029725462121664,0.3252660014860765,0.45432170984505893,-2.479362747695918,1.0100297254621216
-0.3273510546817912,0.016501399500808756,0.011228312969105536,0.3279589672487986,0.47631184355081085,-2.482355976424625,1.0112283129691053
-0.33026352612316945,0.011899600211992212,0.012193200386415914,0.33070269322788703,0.49821771156015704,-2.4851435988854145,1.0121932003864156
-0.33376764623687294,0.010236664832110609,0.012690601631482279,0.33416565106419344,0.5194123420720321,-2.486908318797348,1.0126906016314818
-0.33656785875139095,0.010115709645694082,0.012856452115027728,0.3369651903195911,0.5423266754825228,-2.488424425229545,1.0128564521150272
-0.33979057478034924,0.0123012489894605,0.012456140301040475,0.3402412539176577,0.5660219316568785,-2.4891663059771214,1.01245614030104
-0.345205430918172,0.014675551099368356,0.012215415397576201,0.34573310184129946,0.5890799442797984,-2.489056259082564,1.0122154153975758
-0.3492213588760269,0.0174535083394578,0.011953452502098227,0.34986149756052637,0.6141677652432819,-2.4882734860630578,1.011953452502098
-0.35241403014999384,0.014205145737829383,0.011297892744834614,0.35288110914650495,0.6392506488896894,-2.4875575735931843,1.0112978927448344
-0.35603866342754276,0.00905316480337115,0.011073455547277677,0.3563258495618661,0.6627407559390783,-2.486501508874367,1.0110734555472776
-0.3541036040298975,-0.0028029816665289253,0.011448130745406848,0.3542997019343218,0.6877498680887391,-2.484903898525447,1.0114481307454068
-0.3477694912054835,-0.018233623976378954,0.011491711760258427,0.34843671375992186,0.7133618259757334,-2.4829231127155484,1.0114917117602584
-0.3379622672829271,-0.037940860594908976,0.011419312293668105,0.3402769514718258,0.7382054530362542,-2.480797078587983,1.011419312293668
-0.3204621978759514,-0.06067866327335025,0.01161605229970153,0.326363069471954,0.7652417912106202,-2.478532804059079,1.0116160522997015
-0.29993779775855167,-0.0843723724927794,0.011745940874284821,0.31180017141004324,0.7932261041482863,-2.476028179816714,1.0117459408742848
-0.27744148595006457,-0.10784110008237757,0.011703382109553684,0.2978933536451585,0.8194008343418252,-2.473460598419838,1.0117033821095536
-0.2545796031294798,-0.13082161409516724,0.011981353418151874,0.2864762151972812,0.8461464669943521,-2.471052480052229,1.0119813534181517
-0.2330601548868183,-0.15110394939514737,0.012766252794825239,0.2780511041681014,0.8724836851788529,-2.4680643228254793,1.012766252794825
-0.21637221813667917,-0.17003947302298394,0.013475721425466491,0.27552124098743735,0.8964850620220048,-2.465004185582916,1.0134757214254662
-0.20201867849231048,-0.18621907152294037,0.014028770838656723,0.27511069675657657,0.920782209104336,-2.46053165837124,1.0140287708386564
-0.19418969601567093,-0.19981070563990277,0.014157249397412364,0.27898814282595435,0.943120216977574,-2.4540806695341364,1.014157249397412
-0.1742168870784091,-0.1914041556200976,0.013675146857201503,0.25917963688048434,0.9630930259148358,-2.4456741195143312,1.0136751468572012
-0.19082035347320336,-0.220910174201562,0.012427990110245424,0.29217831422537693,0.9830610603885774,-2.4349285657170583,1.012427990110245
-0.19266489080539295,-0.2290199272009974,0.010711968628398405,0.2994739278736964,1.0020493040481424,-2.4225806064957625,1.010711968628398
-0.1983332497265211,-0.23635670612812598,0.008894038571011675,0.3086740585162973,1.0182592701760906,-2.4093634052821025,1.0088940385710115
-0.20317977276668553,-0.23973199843153736,0.0076494473942998464,0.3143437054864289,1.0349355890662675,-2.393308678505301,1.0076494473942996
-0.2089739056228197,-0.24042933722570137,0.007038191168809327,0.3186312846613996,1.0503108817840576,-2.3756934246225,1.007038191168809
-0.21633428753972117,-0.23757361999743143,0.00705946982985961,0.3213900822960805,1.063593585947726,-2.3583659571723565,1.0070594698298594
-0.22376637629518936,-0.23171561702565713,0.006964139368802358,0.32219872372653713,1.07664291436741,-2.3393393392475166,1.0069641393688022
-0.2327467213191452,-0.21830167956260738,0.0069304762066296766,0.3191781494481065,1.0891680433000492,-2.3192685387667544,1.0069304762066296
-0.243054550284316,-0.20428251939409137,0.006637937339888045,0.31757034552369134,1.1011117729786117,-2.300089126292304,1.006637937339888
-0.2538988949510186,-0.1850672038215615,0.006569414677720098,0.31425734040255543,1.114616313909487,-2.2799206974147266,1.00656941467772
-0.2652691242707046,-0.16472184666671685,0.0067547995320491605,0.31232454654951164,1.1291943704284662,-2.260172098006452,1.006754799532049
-0.2774034068692388,-0.14449725664745783,0.007260485813424755,0.3128655014148231,1.1445083761545891,-2.241997817115507,1.0072604858134244
-0.2880632335948452,-0.1242445522124398,0.00847391001801645,0.31382947990044124,1.1624037377334986,-2.223850572904342,1.008473910018016
-0.2975454669833639,-0.10449379446969598,0.009315303866875069,0.3154980711369808,1.1817866952275993,-2.206185598024532,1.0093153038668745
-0.27839837358589237,-0.08900668213768004,0.009646334706019055,0.29243955897533536,1.2009337886250708,-2.1906984856925162,1.0096463347060185
-0.31207155524699326,-0.07321830470479274,0.010208365548790788,0.32070825755708066,1.2226335809182762,-2.175658094486769,1.01020836554879
-0.3147856638780657,-0.060491631896767206,0.010900186528758238,0.3207305189392651,1.2458034366910495,-2.1620816453502325,1.0109001865287572
-0.31721044146442967,-0.05022420316413534,0.011300206608624297,0.32136059096741826,1.2686143256508358,-2.1507988754792615,1.0113002066086232
-0.3166359078159757,-0.04073151238000294,0.011370498139330887,0.3194474016910232,1.2938510315867096,-2.140144382378866,1.0113704981393299
-0.31615778893802626,-0.03284270053830873,0.010936626158693175,0.318047166748213,1.3195762072035082,-2.131576501829202,1.0109366261586923
-0.3165846969961106,-0.02667159956840992,0.010415870417038953,0.3178769179292534,1.344625456965721,-2.124890650154042,1.0104158704170383
-0.31650201426030455,-0.02059023263685722,0.009820742362445567,0.31732306832535745,1.3719156171375566,-2.119094691049092,1.009820742362445
-0.31642869369889204,-0.015897630464804635,0.009165322970734802,0.31696033820580866,1.399442218841126,-2.114870517718752,1.0091653229707342
-0.31817268079723915,-0.012283378268023615,0.008702688885539267,0.3185286062211928,1.4257488158908238,-2.1121694354303995,1.0087026888855386
-0.3180161002307127,-0.009347866235807523,0.0084136740649573,0.31826468940236613,1.4534003894134204,-2.1103123069633005,1.0084136740649565
-0.3173906698964928,-0.007399567488833192,0.008266797929789349,0.31758452557449685,1.4810573248644152,-2.1095802170779328,1.0082667979297883
-0.3170180087622856,-0.0063970784484159715,0.007840352526218841,0.3171794627967188,1.5072122843526388,-2.109270839654983,1.0078403525262176
-0.3150522356503993,-0.005968613797280753,0.006971247455737184,0.3151858718757314,1.5346303320143384,-2.1092407582344044,1.0069712474557357
-0.31311604576875607,-0.009200655803751179,0.006468621782137918,0.3133179746724423,1.5617399728226407,-2.1099281366031026,1.0064686217821364
-0.28841426877564236,-0.009985845965779117,0.005884885336451484,0.28864708456602145,1.5864417498157544,-2.1107133267651306,1.00588488533645
-0.31357339350806734,-0.024497036376017967,0.0053133035005209495,0.3145736942299242,1.6118348356151562,-2.111496190236535,1.0053133035005197
-0.3121286638999947,-0.03826103894734256,0.005210758906888935,0.3145081269819775,1.6368264686665246,-2.111236292816668,1.005210758906888
-0.3114423735707734,-0.05484546415600855,0.005271599541734395,0.3162786220338226,1.6596568276578312,-2.10997069648379,1.0052715995417336
-0.30227978149754775,-0.07597101838819542,0.005443363791023503,0.31172791364667063,1.6838177002715118,-2.107646064761191,1.0054433637910227
-0.291033352031024,-0.09807570568621671,0.005410905760624862,0.30716206461966244,1.707723903036004,-2.1048676824836283,1.005410905760624
-0.2719410520066172,-0.12172918699516777,0.005600377590335048,0.2979954613112833,1.729746167120699,-2.101575372932637,1.0056003775903337
-0.24960663124337867,-0.1437605198582319,0.0053741692900515226,0.2880962324053115,1.7534307214483051,-2.096955741218712,1.0053741692900497
-0.22551988596696937,-0.13808676126166786,0.004936284755662879,0.26448353353182635,1.7775174667247144,-2.091281982622148,1.004936284755661
-0.20022373791291304,-0.15784566522089682,0.004623621988174675,0.2550023080937423,1.8008173801108696,-2.0850144176764607,1.0046236219881726
-0.17501696739039518,-0.17512421517307808,0.0039019707262502035,0.2476179617678526,1.8249032715809277,-2.0763336510973716,1.003901970726248
-0.1509645665247923,-0.19113123279624444,0.0035221878308022703,0.24358541480011908,1.8484835341039916,-2.066431119938264,1.0035221878308
-0.13040820879377746,-0.2354488193487776,0.0036995640276158426,0.26917677133721846,1.8701582334910598,-2.056752312968774,1.003699564027614
-0.1070701113407928,-0.2517247637492428,0.004533154371105241,0.2735871249084908,1.8926955690682794,-2.046237870379178,1.0045331543711034
-0.08541751508043038,-0.26651611494852,0.005382326656509284,0.27992134761394255,1.9139150485461962,-2.034598207288803,1.0053823266565072
-0.06671416933677898,-0.2809648312270687,0.006171920753016313,0.2888427069921156,1.9329141738663318,-2.0233284047185083,1.0061719207530135
-0.049178471836782034,-0.2942886090730883,0.0063459813190092085,0.29843689282874425,1.9511370760610607,-2.0102855970510665,1.0063459813190057
-0.034363817845256994,-0.30610145083348606,0.006373759750224917,0.3080902383922942,1.9669121572308466,-1.9952794899330961,1.0063737597502205
-0.019904762726910663,-0.3170850562489791,0.006421021626862533,0.31777407382347206,1.9799817683076344,-1.9795610434656588,1.0064210216268568
-0.006589128132951538,-0.3254205689385503,0.006292416498546505,0.32554808831144044,1.9918412245772763,-1.9612756545271925,1.0062924164985392
0.0007996603160767002,-0.33184535733519094,0.006476891595311729,0.3319095219578358,2.001271592888777,-1.9416366762053283,1.0064768915953015
0.007732247013770177,-0.33832852038766803,0.0066762967704200316,0.3384827149060309,2.0088076793764422,-1.9218260947714498,1.006676296770406
0.01665693721899375,-0.3429368924978662,0.006371603728943409,0.3434002957594667,2.0156634372369067,-1.899713347043371,1.0063716037289234
0.02150250707854129,-0.3460643398927863,0.00607004291272939,0.3467848476751183,2.0212384907442087,-1.876418983859812,1.0060700429127007
0.023719234862791705,-0.34913304388246313,0.006515532886533282,0.34999848085656843,2.026023275002213,-1.8532625249006356,1.006515532886494
0.0282911364200773,-0.35774259602148084,0.006860792970689089,0.3589250950941081,2.0306521967433486,-1.8274195403171745,1.006860792970668
0.03310276768320142,-0.3675072641067989,0.007250032931398365,0.3690663156900922,2.034805360930739,-1.8015775855432183,1.0072500329313978
0.039663889289557774,-0.3765865475860546,0.007051040529335806,0.3787352229578131,2.038324350476196,-1.7767931030518822,1.0070510405293354
0.044189618835651645,-0.38427838727563457,0.007428534891478544,0.38688213252958153,2.0419326999989926,-1.7497761408782222,1.0074285348914782
0.044877614158079115,-0.3933722160728368,0.008439731944782536,0.3960137998932307,2.0454088828517016,-1.722687425215404,1.0084397319447822
0.04514833579287547,-0.4048032194177049,0.00961572298304525,0.4074266569633011,2.048292975932817,-1.6979370397412934,1.009615722983045
0.045616370670427564,-0.414870729867719,0.010209424821174373,0.417495877978807,2.051266359110466,-1.6718238754712744,1.0102094248211742
0.05468562246915987,-0.42134857687738614,0.010323792389670294,0.4250079072567275,2.054526619755409,-1.645546729507508,1.0103237923896702
0.06619158129149372,-0.4276342434931608,0.010013432116655618,0.43284251231203164,2.0575015528547898,-1.6202112863723648,1.0100134321166556
0.0878925006727207,-0.42726611200137676,0.009639045066811236,0.4363190728458673,2.060216657677202,-1.5926157859715824,1.0096390450668111
0.11236815069097594,-0.4253179705673644,0.009804645803006884,0.4400205773103955,2.062789730565378,-1.5646629865307213,1.0098046458030068
0.1413582651815215,-0.42257183373721263,0.009559635191570215,0.44569103696187984,2.0650982646360028,-1.5379155564795501,1.0095596351915699
0.17124288971812662,-0.4169553402890296,0.008970435025728918,0.45083960759798575,2.0672445122898475,-1.5087130050141482,1.0089704350257285
0.20104476236213054,-0.41014767372632055,0.008423781484686033,0.45684906788879365,2.0686943842984733,-1.4785603847461037,1.0084237814846855
0.2278288689286092,-0.40445578495557655,0.007911570300663695,0.46427693077078824,2.0689227946700157,-1.448732129796926,1.0079115703006631
0.25255100244752793,-0.3966648259416592,0.007209293575921039,0.4702945533284878,2.067650474413295,-1.416564906312503,1.0072092935759205
0.27370775056384766,-0.38979579093506056,0.0061890936543973485,0.47633496221637334,2.0648457825680686,-1.384469217695458,1.006189093654397
0.2931122224066174,-0.38484874087578513,0.005284188477539309,0.4837884361223299,2.0605780979145183,-1.3541909044467484,1.005284188477539
0.30988710583099954,-0.37852757134580906,0.0048747590018628495,0.4892207108295763,2.0541265356630762,-1.3223772954871194,1.0048747590018627
0.3255698575642261,-0.3730055905192563,0.00452751868727741,0.495125641770322,2.0460316773014195,-1.291619026583492,1.0045275186872773
0.34014259870232366,-0.36987016297526054,0.004683219885827761,0.5025165245639339,2.0365263989090208,-1.2633869249879257,1.0046832198858278
0.35360925977275515,-0.3652161628723979,0.004971344802722655,0.5083768961011321,2.024802533216288,-1.2341014609141323,1.0049713448027227
0.36517309392672304,-0.36034930989902425,0.004986691018137979,0.51305738544536,2.0109736572395285,-1.204681832270083,1.004986691018138
0.37652649378583436,-0.35743131144364537,0.005425841571032208,0.5191905071163495,1.9964978610270716,-1.1773615305865268,1.0054258415710322
0.38541571960118226,-0.35299730093161574,0.0060739944902858944,0.522675104428909,1.9797376792686618,-1.1484338469952398,1.006073994490286
0.3919210723079338,-0.3493334352358801,0.005742466152924397,0.52504185719828,1.960854317723481,-1.1201438219361803,1.0057424661529242
0.3973232995131546,-0.34848059613219373,0.005415260614737294,0.5285204397790066,1.9414187657179989,-1.0944311433995941,1.005415260614737
0.4000521745412806,-0.34658253356371993,0.0046769465513037956,0.5293232176616647,1.9195913966225702,-1.0675538277943843,1.0046769465513035
0.4013770817261313,-0.34542711987850516,0.0035607526856363814,0.5295622114938272,1.896790406924551,-1.0412706868413013,1.003560752685636
0.40324192321958674,-0.3463620070086296,0.0026613490946695295,0.5315804467057463,1.8745315901972226,-1.0170871004123792,1.0026613490946692
0.403846974849172,-0.34635217097786586,0.0019842761367866446,0.5320302085292672,1.8508286830308964,-0.9920716424546077,1.0019842761367863
0.4040241457173459,-0.3468718944329272,0.0013343024726920616,0.5325010815324299,1.8264298750330996,-0.96770309844673,1.0013343024726917
0.40528609258389237,-0.3485316396095861,0.0012895454154923103,0.5345397867121253,1.8027498570069733,-0.9446348257044886,1.001289545415492
0.4058460199151226,-0.34890597536776935,0.0012013300554817308,0.5352081975476298,1.77805386971785,-0.92039136753196,1.0012013300554814
0.40696269093274906,-0.3489128904227119,0.0013519340001513225,0.5360603180985293,1.7537644174092069,-0.895833225133298,1.001351934000151
0.4093358206309048,-0.3503714555097427,0.0010851127645987724,0.5388108651069536,1.7308108521521444,-0.8726485738577802,1.0010851127645986
0.4102794916157082,-0.3496048946233488,0.0007122715232856791,0.5390300092905493,1.7065286298119449,-0.8471894276424528,1.0007122715232855
0.411561933005129,-0.34853351740701777,0.0005574345742426212,0.539313589842061,1.6830066260008274,-0.8212321821092106,1.0005574345742425
0.4144612352879107,-0.3479876017912087,0.0007824721329660056,0.5411784352867514,1.661303615345554,-0.7957286818695555,1.000782472132966
0.41650884766281915,-0.34501642113224745,0.0010813063280125101,0.5408485187699869,1.6390089916268016,-0.7677076416051573,1.0010813063280124
0.41856135837519215,-0.3418129969567753,0.001022708441298703,0.5403987245969539,1.61671450137619,-0.7394948573739308,1.0010227084412986
0.4220004664349244,-0.3398433326673524,0.0009233039565842427,0.5418290661453506,1.5958044773499493,-0.7125339467513966,1.0009233039565841
0.4246268033450862,-0.33568102168769076,0.001436994134186298,0.5412871099448979,1.5736547144503126,-0.6835860297587977,1.001436994134186
0.427648502994576,-0.3318189199924764,0.0021234714948846767,0.5412869358387149,1.551784857980886,-0.6549818315442567,1.0021234714948843
0.4317065067362873,-0.3293100630288352,0.0024707570305708693,0.5429748891162532,1.5305856442572117,-0.6278580669323761,1.0024707570305704
0.4337677018108448,-0.3252532678777206,0.003362042795526099,0.5421765494109434,1.5073836383832249,-0.5991584205984612,1.0033620427955254
0.43577164320089445,-0.3216573252042987,0.003795522564803755,0.5416408089011865,1.4841171214387063,-0.5708857339390303,1.003795522564803
0.43774708956432873,-0.31996154399700527,0.0036964365831068102,0.5422283353923888,1.4611341827621385,-0.5443594789369263,1.0036964365831058
0.4373062371262707,-0.31760636619274085,0.003851699603308445,0.5404862481742987,1.4358651907499924,-0.5171096673763268,1.0038516996033073
0.4357230959485726,-0.31608556825562445,0.003613417948966746,0.5383100961265394,1.40987448373154,-0.49056319649702007,1.0036134179489657
0.43555549222999634,-0.3168025671552873,0.0035296744352021348,0.5385953137277684,1.3853080797171564,-0.4662710755892644,1.0035296744352011
0.43388070846648774,-0.3159909231439347,0.003964040264370472,0.5367666590837726,1.3592007226905938,-0.44053215975668253,1.0039640402643697
0.4324904754853197,-0.31515595979906663,0.004141441553480396,0.5351527276586842,1.3331494867061873,-0.41487630612235754,1.0041414415534797
0.43284149646008285,-0.3157440344998537,0.004554137208469311,0.5357861481465924,1.3085782381623763,-0.3907651644106521,1.0045541372084688
0.4323736890470006,-0.31482073077794315,0.005225999456904273,0.5348704614932424,1.2829197834777062,-0.36519075133406553,1.0052259994569037
0.4323274501960308,-0.3136224766674171,0.005275151088971031,0.534129112933397,1.2575785885928439,-0.3393600853488246,1.0052751510889704
0.4340243109839723,-0.3146469747535064,0.005152805529452298,0.5361029496761512,1.2341886375069313,-0.315561317919906,1.0051528055294514
0.433756686708513,-0.3140022678514465,0.0043129979948908215,0.535500597041593,1.2089651963285173,-0.2900445557544039,1.0043129979948897
0.4328378352290083,-0.3130020889445637,0.003626686683773972,0.5341648173978674,1.1835165198488913,-0.2640240337481422,1.0036266866837726
0.43255681423573833,-0.31297966802172517,0.003961759431029388,0.5339263672778763,1.158774281323314,-0.23904180533698705,1.003961759431028
0.4302336301859988,-0.3110405692556487,0.00469922901711306,0.530913641771669,1.1320638926459368,-0.21220820416604028,1.0046992290171115
0.4277471004230282,-0.3088758799262766,0.005780742129865679,0.5276412683823279,1.1048192743137284,-0.18535274422730566,1.0057807421298643
0.4268914459254237,-0.3082781400112665,0.0068815611501595875,0.5266109323750964,1.0790716009346417,-0.16013780351797754,1.0068815611501585
0.42507727368762915,-0.30667529326456044,0.007802916401403737,0.5242149459992332,1.0519809887055496,-0.13380247597464784,1.0078029164014028
0.4233986419171307,-0.30523382024120066,0.008213850154975222,0.5220168218847709,1.025125034807497,-0.10751039497061075,1.0082138501549744
0.4228396476391234,-0.305245997892029,0.008331603301991342,0.5215725284735195,0.9997134170714644,-0.08230618865895513,1.0083316033019905
0.42062325052014493,-0.30342950180705763,0.008736255593425835,0.5187192917241515,0.9728936671694596,-0.055366230365172256,1.0087362555934247
0.41837132245236497,-0.3020354222741591,0.008821888416960633,0.5160792434056146,0.9462920558879169,-0.028943250172787746,1.008821888416959
0.41867678292219657,-0.30117887348320477,0.008550856145182695,0.5158217517045088,0.9217734006032277,-0.003983294061451202,1.0085508561451808
0.41757169314964304,-0.29820942884783513,0.008289946341416554,0.5131897364366861,0.8956834451889646,0.022779899247278038,1.0082899463414143
0.4169701732128615,-0.29517950404104987,0.008814129937912751,0.5109527902278705,0.8694163565140122,0.049617086222801865,1.0088141299379105
0.4174963263177967,-0.2948342518006135,0.009320117545283835,0.511192021763585,0.8447001449222316,0.07466624036105851,1.0093201175452817
0.41514435553343026,-0.2955344495375414,0.009096668421893273,0.5096745983184787,0.8183321393340016,0.10126816191872123,1.0090966684218914
0.41164123815354337,-0.2975445640264104,0.008871178104721045,0.5079960377121209,0.7916599097263753,0.1276655982174522,1.0088711781047193
0.4089265957724296,-0.3024864806059845,0.008547222607605875,0.508716116015334,0.7665892007906012,0.15219244665876683,1.008547222607604
0.4082874575027762,-0.2991558666457355,0.008938640636162565,0.5062339180646283,0.740285585867193,0.1782414256966593,1.0089386406361602
0.40942754874259957,-0.2935759136077849,0.008790844451136093,0.5038799595798422,0.714611364644496,0.20415985609203452,1.008790844451133
0.41984868556453436,-0.27292988455697353,0.007898201621058809,0.5008253410555391,0.6910846442047348,0.22869134779403535,1.007898201621055
0.4295828467374892,-0.24921477556788274,0.0066905438657972605,0.4966831887125388,0.6663976697971583,0.2543911735529778,1.0066905438657923
0.43997205996550615,-0.2204443094906291,0.0057842205709246475,0.4921428292119111,0.6410934938993876,0.28003682446100286,1.0057842205709182
0.4518383724098889,-0.19517025784265657,0.005620149570918498,0.49222040836355613,0.6171835752247524,0.3038446563865946,1.0056201495709098
0.4621108363730262,-0.1704608842573032,0.005271162627505377,0.492576007648165,0.5916047900416685,0.32858976057087913,1.005271162627494
0.47046843433233465,-0.14722700138566935,0.0047534532907043126,0.4929897899128552,0.5657773267983207,0.35293367217438165,1.0047534532906877
0.4796296307054513,-0.12603405394674316,0.004949525279058342,0.4959371565081469,0.5411374161845424,0.3754645793154633,1.0049495252790357
0.48889023904730594,-0.10180047013916427,0.005290498406245292,0.4994046364719428,0.5138710010634836,0.3986861134414157,1.005290498406212
0.5002675431171439,-0.07921634970891112,0.00572704091060805,0.5065329641348723,0.4856454102266787,0.42083656849392836,1.0057270409105739
0.520289328777785,-0.06144747357814134,0.006053944901448505,0.5239402903938999,0.458374622371354,0.4396177400066726,1.0060539449014374
0.536971734327779,-0.04303116446939509,0.006662655951777063,0.5387343645683899,0.4284012639679004,0.45734011949991044,1.0066626559517766
0.552599241294962,-0.025649678313652335,0.007465961923796338,0.5532445824992858,0.39791687677016474,0.4725704676639162,1.007465961923796
0.5697207381204754,-0.014269054598601172,0.008559167329431294,0.56996366963961,0.36920054359432697,0.48470328978708693,1.008559167329431
0.5843958184060174,-0.005182019871695531,0.00941535379523828,0.5844946319577957,0.3378942159970023,0.4953724676758655,1.009415353795238
0.6022915858128153,0.0007713036208331081,0.009737767356913452,0.6023707939162461,0.30541212819118957,0.504381244298645,1.0097377673569132
0.6199047273516693,0.008354435215076395,0.009737682375132728,0.6200374908332152,0.27364610477486717,0.5115784890787064,1.0097376823751325
0.631658892369872,0.022701144263257533,0.009509456725784626,0.6321382190850466,0.23834815009793586,0.5175206551315056,1.0095094567257845
0.633932953853342,0.04694772129966723,0.008984320638231846,0.6357324881849167,0.20110342675615198,0.5230395660104326,1.0089843206382318
0.6307508630279356,0.07862625454546363,0.008590957472197958,0.6356906037252893,0.1644688681322915,0.5276776023418969,1.0085909574721978
0.6099455432814668,0.1223824414897387,0.007912453452969759,0.622152420772883,0.12409252660236544,0.5320461754221708,1.0079124534529695
0.5832417672721131,0.16913989036061017,0.006791374592410748,0.6073099574111653,0.08193323599329268,0.536057232367002,1.0067913745924104
0.5455579479138455,0.22133247617126445,0.005993638851867322,0.588776242087566,0.041183459717208715,0.5391114852079248,1.0059936388518669
0.5028240624393737,0.273068827272655,0.0054531941217127455,0.5722135611135298,-0.0027730667112098226,0.5417240933060893,1.0054531941217122
0.4560468327757896,0.3235994516539158,0.0051804664525169075,0.5592156614654222,-0.04676201833328428,0.5431627213705013,1.0051804664525164
0.4120798916615088,0.37167750335087174,0.005515556280507594,0.5549634447150384,-0.0880294811629231,0.5434744525698938,1.0055155562805072
0.36712283294158043,0.41670658942786215,0.006290883498353161,0.5553945726731963,-0.13035445833675532,0.5417433721044707,1.0062908834983528
0.3256758829516043,0.45896405796392004,0.007077260209571445,0.5628169105944576,-0.17125464084181344,0.5381963114360194,1.0070772602095712
0.2887459358101382,0.49864127544416725,0.008151451165829049,0.57626711096467,-0.2082220206696672,0.532221729760085,1.008151451165829
0.25343743718593814,0.5350589289251442,0.009698604670981048,0.5921255398329502,-0.2451910114609828,0.5223293722377902,1.009698604670981
0.2212196185238181,0.5681173579540884,0.011122315704910957,0.6097697581343281,-0.2790053458398992,0.508634907187456,1.011122315704911
0.19444017144684173,0.5998852196493132,0.0114329104209423,0.630713856250737,-0.3072510910799248,0.49274843137436236,1.0114329104209423
0.1682675194535284,0.6277494525480443,0.011264084763739746,0.6500078560163542,-0.3340563022877621,0.47263170677967736,1.0112640847637397
0.14496772595868473,0.6528733597869927,0.011231444649965283,0.6688687545685728,-0.3573925316489344,0.4495411232358646,1.0112314446499653
0.12452215963149393,0.6754988007361884,0.01035925075495181,0.6869583044927283,-0.37685957387400515,0.4244404390671866,1.0103592507549517
0.10490805564800554,0.6921545396963926,0.008715512614535514,0.7001139672384092,-0.39529327962351635,0.39355569464234785,1.0087155126145353
0.0880310467356642,0.7041085859054133,0.006876837981616313,0.7096236022256607,-0.41095131137704316,0.358878595268725,1.006876837981616
0.0752649824766119,0.7152283821120035,0.005086847320788457,0.7191956146845055,-0.4228428205194714,0.3235190447001646,1.0050868473207881
0.06491359586739687,0.7211194308962539,0.0028172966710565683,0.724040707215489,-0.4329763889569169,0.28322019358795825,1.0028172966710562
0.057986644331672665,0.7249124381130481,0.0011147141246311554,0.7272288061122382,-0.44035160056982053,0.24054545310248046,1.0011147141246308
0.05350664177040282,0.7296394763207918,0.0005932092881754114,0.7315989871620143,-0.44572824759048907,0.19861770459720823,1.000593209288175
0.05147492133126669,0.7310557840133936,0.000422875908546394,0.7328658851996944,-0.44890739685118636,0.1526394693681453,1.000422875908546
0.05139526784591841,0.7318561564838891,0.00031776651015713586,0.7336586456356113,-0.45010019927877265,0.10587017043954883,1.0003177665101568
0.05142278991878746,0.7350037099198925,-0.0002549147172797861,0.7368003948835466,-0.45051996653432713,0.06105641869871216,0.99974508528272
0.051315320201342995,0.7351634806092388,-0.0007712922803106981,0.7369526444763181,-0.45066478643329,0.013397296691799149,0.9992287077196891
0.049734629984082124,0.7350218886329745,-0.0009060821400986852,0.7367031499688886,-0.4515496023416699,-0.03430846647074272,0.9990939178599011
0.04709565952347977,0.7372948559642181,-0.00033007069600909933,0.7387975465064248,-0.45315067933855985,-0.07908317488750206,0.9996699293039907
0.043490981728392386,0.73751863930119,0.0005232617070493051,0.73880002883811,-0.4555008515385417,-0.12557995352095933,1.0005232617070492
0.03975473674360608,0.7383803613544213,0.0016683315114022212,0.7394516755390248,-0.45846459988728333,-0.17103658157249033,1.001668331511402
0.0357894187905366,0.7424722435794862,0.0022426089294290685,0.7433377054059148,-0.46188311021362954,-0.21324895909505162,1.002242608929429
0.03227650866312637,0.7449539578296077,0.0027403325332241435,0.7456578851724633,-0.4659617101720483,-0.2574265761820166,1.002740332533224
0.028951370527691922,0.7479818194456596,0.003108538602898725,0.7485483598865985,-0.4701760306085122,-0.30139841863422023,1.0031085386028986
0.025999564562885713,0.7542730095085302,0.0035548744897176965,0.7547293470928188,-0.4745603851325861,-0.3426786524614965,1.0035548744897174
0.022101512751084185,0.75865903942259,0.0036568522681026394,0.7589897150370379,-0.47961322254246275,-0.3861679803373363,1.0036568522681022
0.0182801951907679,0.7631484176302391,0.0038066939804667355,0.7633768163802274,-0.48442395984488845,-0.4297349066133934,1.0038066939804662
0.014266980722466682,0.7692469147144947,0.004290901527869706,0.76939117123387,-0.48803923327404053,-0.47120955206121046,1.004290901527869
0.010011158828845679,0.7720904142739365,0.005186720755156138,0.7721727353299825,-0.49153178238778167,-0.5157232750747166,1.0051867207551552
0.005064831672840497,0.7742078860744546,0.006041632220233795,0.7742480253120665,-0.494572152275014,-0.5599924484120291,1.0060416322202328
0.0005556000741230305,0.7780370981095035,0.006304680223043535,0.7780628404690808,-0.49737694954587724,-0.6023842452570358,1.0063046802230424
-0.0036270096726420675,0.7782603797724432,0.006358320736843948,0.7782948041489841,-0.5001733190820282,-0.6481204415408235,1.006358320736843
-0.006602767012077515,0.7779899027132279,0.006247066375774768,0.7780430008002494,-0.5033767265847683,-0.6950268335674353,1.0062470663757739
-0.009570074711389709,0.7331833715498848,0.0058096285147029025,0.7332688418518251,-0.5063440342840805,-0.7398333647307784,1.005809628514702
-0.008368325357652417,0.7809444133123612,0.005082339730408836,0.7810057846970244,-0.5094638318268416,-0.7875651488770835,1.0050823397304083
-0.007940313193815163,0.7815104894052729,0.004378531264211616,0.7815630909658648,-0.5122358593722276,-0.83563482551847,1.004378531264211
-0.008402409377919917,0.7845065298747822,0.0035337838423352697,0.7845594837408895,-0.5145622412281254,-0.8811902873876174,1.0035337838423346
-0.01171594694617839,0.7831745769637141,0.002945978491793011,0.7832677449023496,-0.5165766092505253,-0.9296418015451516,1.0029459784917922
-0.01847318304078871,0.7796042974283589,0.002459325168968629,0.7798270111638288,-0.5173353401498676,-0.9782044834581395,1.0024593251689677
-0.0326180033130794,0.7748192005160042,0.0027512840567146535,0.7755103462832412,-0.5171433228633967,-1.0239929488937327,1.0027512840567134
-0.05104286741290193,0.7644461397835629,0.003230252549815904,0.7661551471309563,-0.5168583573204939,-1.0732773515057732,1.0032302525498145
-0.08112619570630025,0.74935492655051,0.003460852698800476,0.7537414961886468,-0.5170961060858412,-1.1224842886756579,1.003460852698799
-0.11376403946861535,0.7366222374687523,0.003479691359867365,0.7453634587646805,-0.5177750678874692,-1.1685691402506195,1.0034796913598658
-0.15123099075649477,0.7195167328502283,0.0036434662234753334,0.7352471803841069,-0.5181229502699369,-1.2175555543248362,1.0036434662234741
-0.1871354459546301,0.702602178824306,0.004182195942884603,0.7271086490918707,-0.5173546280671899,-1.2667916506310766,1.0041821959428836
-0.2216037121198905,0.6894929290372929,0.005197702380028479,0.7242483831723561,-0.5157743007539866,-1.3128387123831984,1.0051977023800276
-0.2522447240627184,0.6749655853161032,0.006505002043803665,0.720588826745306,-0.5129305753851418,-1.360896765210138,1.0065050020438029
-0.2803509981950365,0.6611460054411669,0.007463626175593596,0.7181688021735934,-0.5088117458877321,-1.4085383471338353,1.0074636261755927
-0.27442626894729827,0.6165760981438548,0.008155482254241786,0.674938792618586,-0.5028870166399939,-1.4531082544311473,1.008155482254241
-0.3294262745859752,0.6364460987833447,0.008411890743419415,0.7166980305191389,-0.4950024745078978,-1.499944327542306,1.0084118907434176
-0.35273846813093657,0.623618273077527,0.008382560674199402,0.7165154881361696,-0.4848120430735387,-1.545988405306708,1.0083825606741974
-0.3756105787522797,0.6151663143443651,0.00801561936785311,0.7208170026632994,-0.4735905935848255,-1.5878902887194264,1.008015619367851
-0.39605435077969897,0.6057039285977592,0.007617709227363489,0.7237363659400853,-0.4591622085393946,-1.6311104786124102,1.0076177092273613
-0.4131456448845421,0.5959165778581748,0.0075419080121932325,0.7251639621697472,-0.4424025811154024,-1.673879692998819,1.0075419080121912
-0.42839341500393596,0.5887045717138659,0.007707772274780256,0.7281163372215876,-0.4242687634878913,-1.713716960347604,1.0077077722747785
-0.43939499817829913,0.5793804212898237,0.007953772647252833,0.727195227911601,-0.402907461825857,-1.7551577007591106,1.007953772647251
-0.44822983319246223,0.5723946204867632,0.007997652411274814,0.7270553949803411,-0.3793765497919269,-1.7952243477904724,1.0079976524112728
-0.4567958082681709,0.5733183590687514,0.008021319980663355,0.7330898259223692,-0.35528593051385926,-1.8315676408129618,1.0080213199806607
-0.4621055896450609,0.5717475709705009,0.0077193360080042295,0.7351846360202869,-0.32774138949800224,-1.8695327619230389,1.0077193360080008
-0.4658364638491152,0.5700896715193449,0.007508514924337795,0.7362487503696367,-0.2983723966857533,-1.9065012510356687,1.0075085149243335
-0.4750696025484846,0.5539880134084172,0.007050723586983665,0.7298243343222257,-0.2687738779056692,-1.9403755686810673,1.0070507235869781
-0.48407190716962745,0.5284121403110082,0.006554642647643605,0.7166505178112547,-0.2364846316402566,-1.9761974063001084,1.0065546426476366
-0.5009039075121486,0.4892049366765421,0.006131073834585554,0.7001883922888209,-0.20312259320606046,-2.0119634800656434,1.0061310738345757
-0.46902477092348266,0.4554510761160864,0.005858455397687368,0.6537998470287166,-0.17124345661739443,-2.045717340626099,1.0058584553976775
-0.529029636959009,0.41874488676559096,0.006285151719120585,0.6747289382451599,-0.13712281019521813,-2.0810311571438427,1.0062851517191014
-0.5423705799613708,0.38450007445772316,0.007451018227621398,0.6648771848531552,-0.103629857012952,-2.1159813525247597,1.0074510182275942
-0.5601108849923674,0.3517944031977853,0.008535038353771895,0.6614804248713029,-0.07206031458822562,-2.1484066718377397,1.0085350383537341
-0.5752710956907005,0.3190322860513053,0.009638140625493175,0.6578839767276732,-0.0390974661963764,-2.181745372269303,1.0096381406254689
-0.5899698174725916,0.28861430570188107,0.010354184905414954,0.6568636176022215,-0.006147844234301203,-2.2130827099966273,1.0103541849054136
-0.6080797784596828,0.26068358135874803,0.010493475506828887,0.6616850153886004,0.02504363523462964,-2.241061408179255,1.0104934755068284
-0.6233395127518184,0.23173130690499066,0.010432470706430164,0.6651017840921868,0.05855611375042733,-2.2691130522850647,1.0104324707064298
-0.6359460190861949,0.20125912798582224,0.010177747107239399,0.6671103074644937,0.09267013979118217,-2.295453433444296,1.010177747107239
-0.650879904806812,0.17789590839308156,0.00949114662020245,0.6748197437601322,0.12581535388749107,-2.3185389264140985,1.0094911466202021
-0.6638573812175977,0.15909784818296124,0.009102734388849232,0.6827163449536633,0.1624172358183126,-2.34131528947772,1.009102734388849
-0.6774130090635387,0.14210968796926915,0.008510604182643378,0.6922109350817818,0.2001678603736171,-2.3621535280267514,1.0085106041826433
-0.692922947724282,0.1284063894188665,0.007437337409947231,0.7047593392884177,0.23660657870430818,-2.3796592053917376,1.0074373374099472
-0.6999842522295094,0.10262248894479908,0.006055720226819328,0.7074927563968385,0.2765900747951669,-2.3956945353094286,1.0060557202268192
-0.7018087112459062,0.07498090248628131,0.004360748544799287,0.7058162785358296,0.31863732602779243,-2.4088555753987606,1.0043607485447992
-0.6603627048538596,0.06473655922642418,0.0030804977987149984,0.6635353898090666,0.36008333241983886,-2.4190999186586177,1.0030804977987149
-0.6743250357702477,-0.009052686798672216,0.0021946791053697456,0.674389369445572,0.4058691344617766,-2.4277043988961036,1.0021946791053693
-0.6444144274857116,-0.05837384286219427,0.0013789375011244998,0.6470543727932527,0.45326967943703556,-2.4333753470317,1.001378937501124
-0.6061341305785273,-0.11086502394468623,0.0011375481442167379,0.6161906618914501,0.4988746503092672,-2.4373986938551995,1.0011375481442162
-0.5614058803863837,-0.16458393784243563,0.000855118069883809,0.5850343292107283,0.5474195622317151,-2.4409872200934313,1.0008551180698833
-0.5090952009561184,-0.21647922342956072,0.0005525156401549047,0.5532101617710478,0.596336874635928,-2.4425035314399772,1.0005525156401545
-0.4599167732635443,-0.2658911261331114,0.00022287975271095828,0.5312453095895235,0.6419156461369957,-2.441998794150589,1.0002228797527106
-0.40827608038597885,-0.3117437450828633,0.0002296021538070736,0.5136862594334956,0.6894032147651856,-2.4393185720028674,1.0002296021538069
-0.36073343197321106,-0.35387816078825285,0.00042929632953703223,0.5053301355761265,0.7343397199747405,-2.433372261275921,1.000429296329537
-0.3202034473640809,-0.3931154698365118,0.0010142240135488922,0.5070217440889225,0.7737837161659034,-2.4249731184182814,1.001014224013549
-0.2822277631382384,-0.42989472368784853,0.001864735108089599,0.5142620547713865,0.8132729801056027,-2.413563288877103,1.0018647351080896
-0.24820186960549262,-0.4643298037149639,0.0023401020193236644,0.5265090794764129,0.849657757752216,-2.399618032237929,1.0023401020193237
-0.22126540651754634,-0.49798064057418223,0.0025771465416610795,0.5449309499306725,0.8802618369653845,-2.3836311560736365,1.002577146541661
-0.1956630921447754,-0.5279087238342239,0.0024812859023903844,0.5630078357426859,0.9091249234759119,-2.3638164609185135,1.0024812859023904
-0.17275121391188963,-0.555049219549927,0.002225069948306291,0.5813153782305173,0.9341709289581872,-2.3409232279036924,1.0022250699483062
-0.15246881412532376,-0.5308745861674575,0.00213414773046805,0.5523396781924935,0.9544533287447531,-2.316748594521223,1.002134147730468
-0.1321519186727702,-0.6007367980127811,0.0018440886492007147,0.6151034309435199,0.9734161169196942,-2.288246459060939,1.0018440886492004
-0.11083399735137733,-0.6167593151383426,0.001157812363156041,0.6266399032205584,0.9896584106422966,-2.257081589586321,1.0011578123631557
-0.09202094041891096,-0.6318294383817011,0.00012818579748008485,0.638495347761372,1.002253815637764,-2.2255339121377022,1.0001281857974798
-0.07038112857558954,-0.6414963357157677,-0.0005831767667904275,0.6453459476059891,1.0136160391535798,-2.190877233183948,0.9994168232332092
-0.049503413820559006,-0.6490796583469016,-0.0005738162820798642,0.65096491466495,1.0233542161949276,-2.154587584835009,0.9994261837179198
-0.028966194697085168,-0.6560917487550317,-0.0002651460133417105,0.6567309140904466,1.0305341736632017,-2.118886074169459,0.999734853986658
-0.008597481291549691,-0.6592530003558079,0.00014070627241646871,0.6593090739258398,1.0365992887341144,-2.0796390341251443,1.0001407062724161
0.011649574525032902,-0.6606491768230298,0.00044831547140655736,0.6607520324677958,1.0417153480264154,-2.0388938561525998,1.0004483154714063
0.03109888377648895,-0.6634373671528417,0.0006010279975201538,0.6641661252589535,1.0455423980152243,-1.9994119219910431,1.00060102799752
0.050175024677973745,-0.6620771527405633,0.0008186848401721125,0.6639761739154154,1.0488663730187244,-1.9557340049867615,1.000818684840172
0.06862823947632857,-0.6596508696674626,0.0007855408213656156,0.6632116722291926,1.0516359538689068,-1.9106901007105366,1.0007855408213655
0.08597085098701751,-0.6587592331854022,0.0011138381835628097,0.6643462614946744,1.053309472059853,-1.8671943540883613,1.0011138381835627
0.10185274088285923,-0.6540623563303769,0.001495099179220083,0.6619469632193742,1.0535571085575355,-1.8199257401352835,1.00149509917922
0.11716756929170835,-0.6485683712018733,0.001983412353524172,0.6590698789519532,1.052811178617031,-1.7721996472840538,1.001983412353524
0.11542902615433548,-0.6034393102079105,0.0022736523439020884,0.6143842695562103,1.0510726354796582,-1.727070586290091,1.002273652343902
0.14703191480554512,-0.6395464451576989,0.002701743425614467,0.6562357342470558,1.0481986833037327,-1.6801431443859642,1.0027017434256142
0.16136280889046795,-0.634330509199548,0.0029040527863296584,0.6545392154156735,1.0438951377126995,-1.6341250497574273,1.0029040527863293
0.1783678498996829,-0.6313036585044135,0.0031934994563058705,0.656025607394765,1.0395118870101692,-1.591409455333952,1.0031934994563054
0.19488618804403612,-0.6258627384925595,0.004230635524035797,0.6555171180073626,1.033933869004254,-1.546505180209948,1.0042306355240351
0.21240575062205147,-0.6204680139677383,0.005527376516432425,0.6558409190844537,1.0277739502251149,-1.5021510354978567,1.0055273765164316
0.2298369834851388,-0.6192527889263665,0.006285825425192626,0.6605592836164722,1.0216721207728785,-1.4618179770454063,1.0062858254251916
0.22233540707210375,-0.5770328905858341,0.007001266271731477,0.6184246177062884,1.0141705443598434,-1.4195980787048739,1.0070012662717305
0.25690546191112207,-0.6143671894909628,0.007227960338300754,0.6659577338641272,1.0051074888848386,-1.3771481396149061,1.0072279603382996
0.2656418655298458,-0.6156693453268123,0.006996112460393333,0.670569376788771,0.9948270317809899,-1.3374286350235176,1.0069961124603923
0.2662649170262562,-0.6180644012079994,0.006817156078272046,0.6730134350045306,0.9827569319464525,-1.2963384200101862,1.0068171560782713
0.2637746047573817,-0.6222263885749209,0.007284935950176985,0.6758666962099106,0.9698705886202424,-1.2560975758714765,1.0072849359501763
0.2554936609695162,-0.6279924447286633,0.007529753214948198,0.6780178601005783,0.9559948020946626,-1.215543016179245,1.0075297532149476
0.244392581654014,-0.6374021772071952,0.007007932359556324,0.682684686068131,0.9420171902048565,-1.1774748790927059,1.0070079323595558
0.23003773614313305,-0.6448745333849035,0.006441798311388913,0.6847057912883017,0.9267764938049975,-1.1366218819211562,1.0064417983113882
0.21464498590093273,-0.6549464650870581,0.006612229433076933,0.6892539906888608,0.9118154478616199,-1.0977320280868443,1.0066122294330762
0.198417166370224,-0.6126019150429557,0.006934387232316541,0.6439709340886229,0.8955876283309112,-1.055387478042742,1.0069343872323158
0.18001909754265388,-0.6681049849239192,0.007251258549514916,0.6919709004797917,0.878732026180787,-1.0126282756762826,1.0072512585495137
0.16321801550675197,-0.6254196423491829,0.007160607321265,0.6464063148820187,0.8619309441448851,-0.9699429331015462,1.0071606073212638
0.1455237209209289,-0.6835030456239424,0.006810663615976598,0.6988561739490948,0.8467032876059583,-0.9294332759087457,1.006810663615975
0.13038548367234792,-0.6401582872600726,0.006658938845815365,0.6533355558721522,0.8315650503573773,-0.8860885175448759,1.0066589388458138
0.11402669863501835,-0.6977889968196065,0.007198218245661359,0.7070808910089611,0.8184961644579369,-0.8448158899907549,1.0071982182456602
0.1010394960710943,-0.6526480402568751,0.007386099921770528,0.6604642296820431,0.8055089618940129,-0.7996749334280234,1.0073860999217694
0.09411145975419355,-0.7020853725292566,0.007238735182698908,0.7084018890881472,0.7938971599065251,-0.7534653810605302,1.0072387351826981
0.09698840610052661,-0.7016400832868552,0.007190824767990378,0.7083482655823686,0.7840582503053866,-0.7095837787904322,1.0071908247679895
0.10652442500027848,-0.6958022548672966,0.00693309772084183,0.7039433917894684,0.7756779567465505,-0.6624982078976914,1.0069330977208408
0.12704353576228056,-0.6849886640215371,0.007028846075151862,0.6967057732602339,0.7687394216163473,-0.6144522684886847,1.0070288460751504
0.1557271818347511,-0.6701767114853538,0.0065186682135337515,0.6880626954099422,0.7628331208168607,-0.5651982919936764,1.0065186682135319
0.18993728841895074,-0.656084592005718,0.005754404616907571,0.6830492504730155,0.7578241428739764,-0.5184751765436623,1.0057544046169054
0.2272381821782955,-0.6382325032365435,0.005278287500085188,0.6774996530967482,0.7535944934017739,-0.46870371885707823,1.005278287500083
0.26474659633370773,-0.622899044895749,0.005021163500974923,0.6768450284113957,0.7501628930943616,-0.4212461798602194,1.0050211635009727
0.26114684914844716,-0.5732284202309187,0.005298773456140715,0.6299337866639129,0.746563145909101,-0.37157555519538904,1.0052987734561385
0.3172033010073433,-0.59532800835017,0.005672098066727749,0.6745854611482625,0.7419766994205591,-0.3220409374925913,1.005672098066726
0.3114437165764411,-0.5470023135016655,0.005855093559062885,0.6294783568095939,0.7362171149896569,-0.2737152426440869,1.005855093559061
0.3317429106589471,-0.5887430935019606,0.006416976699201382,0.6758054205972949,0.729208102146103,-0.22892173396950327,1.006416976699199
0.321663048205895,-0.542111621629716,0.006427849846689537,0.6303915006888655,0.7191282396930508,-0.1822902620972587,1.0064278498466872
0.3401129320373053,-0.5879984873941562,0.005972197274872304,0.67930456708101,0.7067253989158007,-0.13901011376443964,1.0059721972748685
0.32390165792523384,-0.5421985310697452,0.005374566502170941,0.6316014701265277,0.6905141248037292,-0.09321015744002875,1.0053745665021672
0.3873744393580664,-0.5454325515277388,0.004844353340864416,0.6690135217567182,0.672334892859349,-0.048365323986527424,1.0048443533408582
0.41789522539312973,-0.5103003414092498,0.004395915647327886,0.6595924362234228,0.6531118276023827,-0.007340385071610852,1.0043959156473197
0.4404437341556658,-0.4641345477175324,0.004040707221385276,0.6398655238851317,0.6298112275231474,0.035510274751472636,1.0040407072213742
0.4653396260797913,-0.42230567294833943,0.004202660030654393,0.6284112597302527,0.6051181055882914,0.07686428752492555,1.0042026600306386
0.49095080981274697,-0.38341712580979576,0.00431573754789738,0.6229446328612352,0.5789958345120305,0.11690656892512223,1.0043157375478757
0.5111610018111719,-0.3465398089187565,0.004439768575796865,0.6175719557128997,0.5529384109176053,0.15357871310876997,1.0044397685757651
0.523774268114089,-0.30927784258781377,0.004669324355082272,0.6082878187537172,0.523846088152298,0.1905692752218542,1.0046693243550449
0.5140636305742092,-0.27603345508866683,0.004735335490697601,0.5835051910733388,0.49571608186790495,0.22416070809260988,1.0047353354906832
0.5007289109130738,-0.2426956981999448,0.00474505694112104,0.5564648773411726,0.46456989552335975,0.25765564625186393,1.0047450569411205
0.48565255425477216,-0.210929730056983,0.004345245923885188,0.5294984755768757,0.43260733487759256,0.2892898113350424,1.0043452459238849
0.46994847100810627,-0.18148069725895022,0.0038683452100453097,0.503787428361522,0.4002039864683274,0.31871381862552584,1.003868345210045
0.4551373830883425,-0.15646724465809547,0.0037370317776767026,0.48129616821860144,0.3687942282693004,0.34375970449133364,1.0037370317776764
0.43833507427221086,-0.13217582004698936,0.0033295695484600873,0.45784186219228223,0.33502806028044463,0.36793991932691483,1.0033295695484599
0.4232361785328044,-0.11140243738345429,0.003090246112642525,0.43766301590957285,0.3029184946812617,0.38856114109978673,1.0030902461126423
0.40652916385362126,-0.09137468427776246,0.003074823585562103,0.41668303124853495,0.26915833923572713,0.40829940435853107,1.003074823585562
0.38945527175518224,-0.07402264639746431,0.0029909295816727965,0.3964387803146274,0.23515095329715321,0.4254612204073054,1.0029909295816728
0.3750120209588491,-0.059378444973656797,0.002562660265863159,0.37969248454343696,0.20394561773228737,0.4400574137521819,1.002562660265863
0.36036411732513934,-0.04558556599714769,0.0015006378565909362,0.36323902983680556,0.17263963544461838,0.45411641923172036,1.0015006378565907
0.3466966312272285,-0.03390441201232425,0.001083974551764455,0.3483521756197874,0.1423665299172042,0.46622214479380747,1.0010839745517641
0.33383523458932446,-0.024106472588269257,0.0006532289433318628,0.3347051128710326,0.11276482459116541,0.47659867018138924,1.0006532289433314
0.32404237537974084,-0.015663611007282696,0.0004110761018062403,0.32442098997305,0.08617788888160809,0.48555235474847275,1.0004110761018057
0.31437762066728486,-0.007398825601319492,-0.00048345231139723666,0.3144650453116203,0.05951787287162824,0.49393588359463864,0.9995165476886022
0.30790954386351754,-6.495548553187014e-05,-0.001001414519794852,0.30791117916128835,0.036018131951781406,0.5010054416866665,0.9989985854802046
0.3009426159457544,0.006895186362494643,-0.0010527296858944268,0.3010234375045221,0.011970421046325877,0.50718440900134,0.9989472703141052
0.29526012134058544,0.013681624396883751,-0.0011485509166369035,0.29557916920751154,-0.010713874297114012,0.5127561538927833,0.9988514490833629
0.29033046345585445,0.020497121352755998,-0.000735970088423632,0.29105403561231014,-0.032608045162878366,0.5181522922677045,0.9992640299115763
0.28768203196711445,0.025836616679946522,-0.0003102037031617044,0.28884005695978493,-0.052055339874021014,0.5224370755665253,0.9996897962968383
0.2850917064422581,0.030756783599512727,0.00021278076548858493,0.28674606552697474,-0.07140702447545089,0.5266709126282232,1.0002127807654886
0.28449157819227555,0.03354611168828997,0.0009595981480503557,0.28646416966235166,-0.08865692021809654,0.5302655721508535,1.0009595981480504
0.2829267641499231,0.03499926455122787,0.0021454004809136062,0.2850913978616271,-0.10676672098559462,0.5338957975350291,1.0021454004809136
0.28057485141969196,0.03469724170367583,0.0033233640928647112,0.28273165825552554,-0.12553038926637947,0.5375150477966474,1.0033233640928647
0.27863478619077653,0.03173341529119267,0.004468353308066608,0.2804716026675584,-0.14337414560648595,0.5410735235557514,1.0044683533080665
0.2756705179147202,0.027704874786915745,0.0050782090688126225,0.2771057248446436,-0.162017958917544,0.5447147980447158,1.0050782090688124
0.2715199375490426,0.02002568932942561,0.005488047819358521,0.27231273086035146,-0.18027219433803063,0.5480772120650382,1.0054880478193582
0.2666643365592242,0.011530581715604393,0.005638848018182707,0.2669730685186122,-0.19858600463559634,0.5513600804441425,1.0056388480181824
0.26051720184269167,0.0005425783916219729,0.005492013316592437,0.26057564939480904,-0.21597486462895035,0.5543326478775411,1.005492013316592
0.2520404963401599,-0.01056539190483341,0.005577108829043165,0.25232348968018786,-0.23405105330841958,0.557947518138405,1.0055771088290428
0.24224674257844114,-0.0232042020477351,0.00596359278178904,0.24342860086975124,-0.25147570516580503,0.560945295043774,1.0059635927817887
0.22833706203613163,-0.03559981606233009,0.006381999575683195,0.23118367312928476,-0.2703569039018943,0.5647455148021695,1.0063819995756829
0.21363824039908713,-0.04693284077595283,0.006633488241313157,0.21883325266139678,-0.2889328487113659,0.5698384665466055,1.0066334882413128
0.19603072880636796,-0.057805850284710414,0.006434568598722157,0.2044773010300796,-0.3074710576573503,0.5756608804916783,1.006434568598722
0.1790348689773823,-0.06839511573205281,0.005986167117584484,0.19174777798584525,-0.3248990846686597,0.581802136017931,1.0059861671175843
0.15996653299141156,-0.07789045415689433,0.005420844828257998,0.17800449456323195,-0.3430092982306944,0.5891263173662471,1.0054208448282578
0.14207861574754377,-0.0872916657266517,0.0048458463896101645,0.16682221130683825,-0.3597549809973366,0.5965936922195129,1.00484584638961
0.1232633502691492,-0.09607348000207572,0.004655046488752146,0.1563510042727473,-0.37721988532956946,0.6047359310147862,1.004655046488752
0.10552648610066484,-0.10486267118619941,0.0045645108510831145,0.14883834800335713,-0.39400982945101304,0.6129257856447485,1.004564510851083
0.09008594023579874,-0.11307227441186574,0.004777655392348534,0.1446500669197502,-0.4086579992382597,0.6217162940018051,1.0047776553923484
0.07544757122031798,-0.1202335877722126,0.0047049590809825625,0.14202319624475793,-0.42329727144577733,0.631530852911075,1.0047049590809825
0.06254220420977619,-0.12675626773011817,0.0042021706291156535,0.14140840482193037,-0.4363334538068522,0.6419546956076583,1.0042021706291155
0.051724683647854874,-0.13193029519057442,0.0034956224553432946,0.14175071450928586,-0.4476526200794007,0.6536310454575517,1.003495622455343
0.04269774268350557,-0.137009250932693,0.003334827620150582,0.1435470415810114,-0.4571592852323788,0.6653419102216322,1.0033348276201501
0.03409453462769724,-0.13976560100389035,0.00325693018302442,0.1439008968341581,-0.46621884332384184,0.6793108110522084,1.0032569301830239
0.027049082388498957,-0.14260520167891588,0.003105622345715542,0.14518106382754703,-0.4734511444814648,0.6931868139410908,1.0031056223457149
0.021402399722479037,-0.14464796082731568,0.002709624657045495,0.14624786272340357,-0.47918880610325865,0.7078562264972792,1.0027096246570446
0.017066246125777396,-0.14669553935295088,0.0029330328439701736,0.14771405046420796,-0.4833074876857186,0.7226313032179474,1.0029330328439692
0.013690500681049489,-0.14876486612815887,0.003532689566414504,0.1494352538680197,-0.4864571257295507,0.7374164647484287,1.0035326895664134
0.011177208258894289,-0.15148531991398995,0.004111060944150258,0.15195273263746556,-0.48872607665609524,0.7516456453991552,1.0041110609441493
0.010029616779216988,-0.15322949214495973,0.004829624049208059,0.15363331586669904,-0.48972998995384737,0.7668565904783241,1.0048296240492072
0.010086446737078592,-0.1551494780910997,0.0053393563118198095,0.15556865264424294,-0.4896307338020951,0.781897236779492,1.0053393563118191
0.010730824502368841,-0.15588738444013683,0.005656568206525492,0.15635863898730612,-0.48908060357412253,0.7980328570016207,1.0056565682065248
0.011255176113861287,-0.1561757503013963,0.006495698151339657,0.1567154684963531,-0.4886954518555013,0.8145886667915474,1.006495698151339
0.010884472450566784,-0.1578004187460147,0.007502002694337984,0.15835316208200764,-0.48919242951596176,0.8296967840465211,1.0075020026943373
0.010044820484811534,-0.15914006202812114,0.008064913982387845,0.15966057935016284,-0.49011956962912057,0.8450967014534443,1.0080649139823872
0.009069891181570588,-0.16022720178493755,0.008412679902895848,0.16070405191228132,-0.4910712948793194,0.8607684577487706,1.008412679902895
0.007968070676041106,-0.1618650956036095,0.008321643700633485,0.16227461008717392,-0.4921053137804543,0.8759590328245682,1.0083216437006324
0.006216416200377939,-0.1643808794506192,0.008146814735736863,0.16469999377557287,-0.4937468496569735,0.8903377330121904,1.0081468147357355
0.0038186883914874126,-0.16624091518157613,0.00781840378416232,0.16646847058578834,-0.49608987665864535,0.905424185002821,1.0078184037841609
0.002015491163433969,-0.16883179509542556,0.007589616087259499,0.16901431747673223,-0.4978575290336284,0.9197935475261528,1.007589616087258
0.00039241555591507105,-0.17015680300746983,0.006609601013584099,0.1702855790290246,-0.49955540368227636,0.9353297150237201,1.0066096010135828
-0.0012033779006289658,-0.17090455474489474,0.005476811825273931,0.1709965216567048,-0.5012223981333497,0.9514078162936247,1.0054768118252728
-0.003570000621516356,-0.17187742288632413,0.004796737703761433,0.17198140043353702,-0.503650690852986,0.9671672343705008,1.0047967377037605
-0.006822635712919967,-0.17325390292095244,0.004637606130030059,0.1734501963851045,-0.5069072037671897,0.98255021419128,1.0046376061300293
-0.01036547639282892,-0.1731314557437006,0.004473479906456301,0.17349915299867236,-0.5104021966759555,0.9994564423797986,1.0044734799064554
-0.013486214671463936,-0.1734975884799701,0.00420916968074081,0.17407184810856444,-0.5134593878081228,1.0160003702140337,1.0042091696807396
-0.016325203340240013,-0.17201399950650442,0.003654239478228072,0.17282558189251998,-0.5162340598840394,1.0344286127048303,1.0036542394782264
-0.01810138643487369,-0.1704423948947431,0.0032924866145520593,0.1714325250249415,-0.518045889365264,1.052924280370244,1.00329248661455
-0.01992373637266176,-0.1699969052499526,0.003783816009691021,0.17120227898367438,-0.5199120949350733,1.0702397231236027,1.0037838160096888
-0.02126321962880029,-0.1685162176643984,0.004196918367301183,0.16990425023724182,-0.5213156667109604,1.088457001932871,1.004196918367299
-0.02239263284890125,-0.1672681230030617,0.004681915145824722,0.1688252804182649,-0.52245150376461,1.1064649515820046,1.0046819151458226
-0.02309238683290804,-0.165983131423302,0.0052388632028197435,0.16766366313063683,-0.5231090076266095,1.1245294347676316,1.005238863202818
-0.02324704456972948,-0.16635549705269104,0.005791266937884787,0.16807175626386703,-0.5232193069976602,1.1411024071127074,1.005791266937883
-0.02336412171844704,-0.16548924194928194,0.006056904854037426,0.16724011923289595,-0.5232968254507678,1.1589481269260669,1.0060569048540355
-0.02342554245336209,-0.16510046991995386,0.00636999743669564,0.1668756964760518,-0.523421094550549,1.176155320156044,1.006369997436693
-0.02359773888872496,-0.1635976923281004,0.006858634160897714,0.16543306525085388,-0.5236328998019288,1.1944470544999113,1.0068586341608945
-0.023398923940001315,-0.1620230180969997,0.00671474620321344,0.16384155715624846,-0.5234202873983096,1.2127429739135664,1.0067147462032093
-0.022876856408508173,-0.16101769681088363,0.006619426715431587,0.16276936460973887,-0.5228734547529178,1.2306418080259736,1.0066194267154263
-0.022094389601937103,-0.16155585300116493,0.005863678131926564,0.16316506492521932,-0.5220574946430843,1.2471342572371034,1.0058636781319197
-0.02165586513240947,-0.16071848860588234,0.004948975456714799,0.16224642194040337,-0.5216539677861289,1.2646922072783566,1.0049489754567054
-0.021747660752557962,-0.1613726206326198,0.004489553792293988,0.16289333789723165,-0.5217910684482261,1.2807122997743543,1.0044895537922816
-0.021897184359843558,-0.1610155893380838,0.00457351371052328,0.16256206113493937,-0.521902632124242,1.2981247505363565,1.004573513710505
-0.021299627664602527,-0.1605566008705004,0.005075171935673528,0.16204275235849494,-0.5212923647634868,1.3154895125014765,1.0050751719356479
-0.020007002909115612,-0.16058577931572837,0.005126183343924673,0.16190846314977084,-0.5200412341882359,1.3320448492330188,1.0051261833438885
-0.017855796141393654,-0.15366011925118572,0.005471878464171076,0.1547908368026295,-0.5178907908712536,1.3495026954363245,1.0054718784641434
-0.016398755695741674,-0.14195193804777562,0.005738992439644153,0.14301121612695433,-0.5164039658292191,1.3672038159999929,1.0057389924396396
-0.015680784006369297,-0.13061949955961616,0.005825277094042347,0.1316862730336057,-0.5156807840063686,1.3844055421766113,1.005825277094042
-0.015602113516317073,-0.12065736122164972,0.005809421816851512,0.12180055067606967,-0.5156021135163164,1.4002107523008887,1.0058094218168512
-0.015836170478126965,-0.11046383293129458,0.006057469497780965,0.11175748573586383,-0.515836170478126,1.4162473523775543,1.0060574694977806
-0.015540397460148125,-0.10211437902406217,0.006623142420252637,0.10350225298131513,-0.515540397460147,1.4304398780710974,1.0066231424202523
-0.014845814523442302,-0.09269588636844528,0.007007772600480022,0.09413837918360508,-0.5148458145234411,1.4457014425130248,1.0070077726004798
-0.014508489948127312,-0.08328796380077397,0.007338819270468311,0.08486011703349544,-0.5145084899481263,1.4609524368670068,1.0073388192704682
-0.014000883008326248,-0.07422192106301595,0.00816842292951736,0.07597131974931642,-0.5140008830083254,1.475861551391075,1.0081684229295174
-0.013751490542719291,-0.06629370294351844,0.008695605768972436,0.06826105845794768,-0.5137514905427186,1.489632841296883,1.0086956057689724
-0.01345212424585579,-0.057717260267627246,0.008839454223199206,0.059919760767972015,-0.5134521242458553,1.5040523557590844,1.008839454223199
-0.013301842652005735,-0.05017559243079317,0.009029724275421813,0.052688376462080605,-0.5133018426520054,1.517437095382229,1.0090297242754216
-0.013269108907568106,-0.04213715303260068,0.009909715621133741,0.04527484268979246,-0.5132691089075678,1.5313186065667317,1.0099097156211334
-0.013158051979708096,-0.03482931859061278,0.010253989629395277,0.03861813134664663,-0.5131580519797078,1.5444695127950303,1.0102539896293947
-0.013259198926850846,-0.02869855412401967,0.010232362849231236,0.033228220151994545,-0.5132591989268505,1.5564433490479341,1.0102323628492307
-0.013846640660595655,-0.02219512998627282,0.01009895978734543,0.028041794548096025,-0.5138466406605952,1.568789844971992,1.0100989597873449
-0.014555605863189491,-0.015931896535548162,0.009876455853779387,0.023732580337914817,-0.5145556058631889,1.5808961502090269,1.009876455853779
-0.015346510806159508,-0.010858021218355551,0.009009994388612719,0.02084687069045766,-0.5153465108061589,1.5918130973125302,1.0090099943886124
-0.0162726985842232,-0.00765954547887171,0.008060517250231491,0.01970891408721351,-0.5162726985842226,1.6008546448383247,1.0080605172502313
-0.017891723442914342,-0.004518731558016631,0.007124813671369856,0.019781194921007297,-0.5178917234429139,1.6098385305454903,1.0071248136713697
-0.01958583681155246,-0.002117732067675737,0.006409337904678347,0.020716404251113953,-0.5195858368115521,1.6180826018221415,1.0064093379046783
-0.02095255369483695,0.0008815125874686025,0.005740331580278424,0.021742538431113165,-0.5209525536948367,1.626924918263596,1.0057403315802784
-0.02203769873206085,0.00368713060018111,0.004902758845631849,0.022875579594106236,-0.5220376987320607,1.6355736080626189,1.0049027588456318
-0.022778680949150365,0.006130510698504565,0.003910596853561321,0.023911173851543725,-0.5227786809491503,1.6438600599472526,1.0039105968535613
-0.023048318522227496,0.007694865352881219,0.0030666337787090825,0.02449163494407318,-0.5230483185222274,1.6512674863879397,1.003066633778709
-0.02251372817059838,0.009905890333693268,0.0022651044370435303,0.024700714919885763,-0.5225137281705983,1.659321583155062,1.0022651044370434
-0.02162618269711114,0.010804372705430998,0.0019345526356939757,0.024252190447606216,-0.521626182697111,1.6660631373131103,1.0019345526356938
-0.020356108200608847,0.011129308691806727,0.002038056579010683,0.02328918907243591,-0.5203561082006086,1.6722311450857963,1.0020380565790103
-0.018931188175774327,0.010456000692656842,0.0018484776599251296,0.02170563765224741,-0.5189311881757741,1.677400908872957,1.0018484776599248
-0.017569715316000212,0.009036460952907444,0.002137050657953332,0.01987258182404521,-0.5175697153159999,1.681824440919518,1.002137050657953
-0.016932312247452896,0.008195971839181304,0.0029106203668235464,0.01903546330809062,-0.5169323122474527,1.6868270235921023,1.0029106203668232
-0.016188552204431272,0.007726197253515199,0.003868835881205457,0.018350238078878575,-0.5161885522044312,1.6922003207927465,1.0038688358812051
-0.015163703266607986,0.007019050799991211,0.0044640230406226555,0.01729544658567118,-0.515163703266608,1.6973362461255328,1.0044640230406223
-0.014402074070530957,0.005887290111833199,0.004365772730076878,0.016159823449673948,-0.5144020740705312,1.7020475572236853,1.0043657727300765
-0.014098381796499915,0.005986854668250441,0.0037992543340561458,0.015781037088654113,-0.5140983817965002,1.707990193566413,1.003799254334056
-0.014688382116085363,0.006531293149474537,0.003229640712964832,0.016396247696572205,-0.5146883821160859,1.7143777038339476,1.0032296407129646
-0.015418549340701304,0.007425847600729174,0.0026351983901897746,0.01731528650980268,-0.515418549340702,1.721115330071513,1.0026351983901896
-0.016442180607756374,0.008378743303654401,0.001591186918029952,0.018522432839525236,-0.516442180607757,1.727911297560749,1.0015911869180298
-0.017145639675309132,0.009770559519268307,0.001108172652413919,0.019765243227004754,-0.5171456396753098,1.7351461855626737,1.0011081726524138
-0.017345148517046605,0.011015811247129026,0.0010891224861074855,0.020576405475702584,-0.5173451485170472,1.7422345090768452,1.0010891224861074
-0.017606194371023953,0.012783242477427015,0.0011383462879009931,0.02178727153037176,-0.5176061943710245,1.7498450120934539,1.0011383462879009
-0.01766558433952059,0.014154831976098237,0.0014833955661178733,0.022685515218611774,-0.5176655843395209,1.7570596733784356,1.0014833955661178
-0.017757096477652223,0.015975735215607578,0.0018529700430267582,0.023957714602528508,-0.5177570964776526,1.7647236484042554,1.0018529700430265
-0.018523172457857284,0.017501414539092597,0.0024379539966680186,0.025599825164687236,-0.5185231724578575,1.7720923995140507,1.0024379539966677
-0.0200064709177995,0.01829808725169557,0.003347037967482036,0.02731815401543793,-0.5200064709177996,1.778732144012964,1.0033470379674816
-0.022246628829768023,0.0189327833751316,0.0036434117813709532,0.029438702927061137,-0.5222466288297681,1.7852099119227103,1.0036434117813704
-0.024623055346455924,0.019630823191338465,0.003999927940754211,0.03174371587094759,-0.524623055346456,1.7917510235252274,1.0039999279407534
-0.027052808205600853,0.020389297769628056,0.004549927663343167,0.0341801073299842,-0.527052808205601,1.7983525698898275,1.0045499276633423
-0.02873574306152149,0.020954119521626957,0.004937366189049719,0.035905370616513346,-0.5287357430615215,1.8047604634281373,1.0049373661890486
-0.029790175560292675,0.021435858511702932,0.005247014089092339,0.03707400365347584,-0.5297901755602926,1.8110852742045243,1.0052470140890912
-0.03018024955726928,0.02075111119177575,0.005857445992509924,0.03709131640408121,-0.5301802495572692,1.8162435986709076,1.005857445992509
-0.030373139667392746,0.02020486085762707,0.005919201812592978,0.036956744521524365,-0.5303731396673925,1.8215404201230698,1.0059192018125922
-0.03011909129099971,0.019642242980571822,0.0053254298655640575,0.03635020732755784,-0.5301190912909994,1.8268208740323253,1.0053254298655634
-0.02896993737421144,0.019303674023363637,0.004800938000375843,0.035141686185347874,-0.528969937374211,1.8323253768614276,1.0048009380003753
-0.027585149591248914,0.01881461599913381,0.004580201965686981,0.033703241731514864,-0.5275851495912485,1.837679390623508,1.0045802019656864
-0.025617633861065192,0.018520776935833094,0.004497017706003081,0.031929696384315746,-0.5256176338610647,1.8432286233465174,1.0044970177060024
-0.02411660698440543,0.017830164982277852,0.004208085598293887,0.030285863040998,-0.524116606984405,1.8483810831792722,1.004208085598293
-0.022273340727744284,0.017564055582126592,0.0037621085849340874,0.028613829115849896,-0.5222733407277438,1.853958045565431,1.003762108584933
-0.02051506274313114,0.01789320989090948,0.0032365150594088066,0.027413678871769986,-0.5205150627431305,1.8601302716605241,1.0032365150594076
-0.018726319783240575,0.018568386094041767,0.0027233811379395734,0.026511824146672292,-0.5187263197832399,1.866648519649967,1.0027233811379381
-0.01655959647427524,0.02011495237337879,0.002207750763053351,0.02614776678429515,-0.5165595964742744,1.8740381577156149,1.0022077507630518
-0.01417112330631859,0.022154213821532043,0.0024961964095316924,0.02641705741236155,-0.5141711233063176,1.881920490950079,1.0024961964095302
-0.012011822487135504,0.02415513122932289,0.003290139828265981,0.02717681482914814,-0.5120118224871344,1.8897644801441809,1.0032901398282648
-0.01072621898649373,0.025354467278992043,0.003868976020340198,0.027800535250128985,-0.5107262189864925,1.896806887980161,1.0038689760203392
-0.010282763043967913,0.02707325444343822,0.0043172792364379875,0.029280287259228148,-0.5102827630439666,1.9043687469309178,1.0043172792364372
-0.010145444192847408,0.02795340815320224,0.00460753887520049,0.030092399035905704,-0.510145444192846,1.9110919724269924,1.0046075388751996
-0.010443360925622314,0.029143545636940882,0.0049479748470157014,0.03135111632465375,-0.5104433609256209,1.9181251816970413,1.0049479748470147
-0.01135566474656624,0.02965578831363569,0.005258910312216369,0.0321880884802362,-0.5113556647465647,1.9244804961600461,1.005258910312215
-0.01317210676567021,0.03024446522979085,0.005101884872790841,0.033380552765606725,-0.5131721067656685,1.9309122448625113,1.005101884872789
-0.015225795970125022,0.03025333828642207,0.004778457323089014,0.03420413710043201,-0.5152257959701231,1.9367641897054528,1.004778457323087
-0.01780436699937432,0.030125486741781282,0.0040122611119612905,0.03522270113021155,-0.5178043669993723,1.9424794099471223,1.004012261111959
-0.020916348020756537,0.029740961962208434,0.0034488553600924288,0.0365227742136023,-0.5209163480207544,1.94793795695386,1.0034488553600902
-0.024136534879846017,0.02940798671394207,0.002880969406216183,0.03815366277689431,-0.5241365348798439,1.9534480534919036,1.0028809694062142
-0.027687125570480642,0.029151648879619296,0.002460455547442564,0.04027963997179112,-0.5276871255704786,1.9590347874438911,1.0024604555474408
-0.03039473650873248,0.028162944746918495,0.0024202983251001564,0.04150721995310866,-0.5303947365087304,1.9638891550975004,1.0024202983250983
-0.033055266132105965,0.02736140302813994,0.003140703401855127,0.04302512071558988,-0.5330552661321036,1.9689306851650317,1.003140703401853
-0.03566608186321735,0.02596047950746505,0.0033223602008430886,0.04423860270211278,-0.5356660818632146,1.9733728334306662,1.0033223602008403
-0.03792124281781173,0.024370486210180342,0.0028174429629167497,0.0451650223050683,-0.5379212428178086,1.9776259119196902,1.002817442962913
-0.03968440323785288,0.022288450803107818,0.0025406622596374495,0.045585983199494695,-0.5396844032378494,1.9813869482989261,1.002540662259633
-0.04001178242879583,0.020359123105649468,0.0022458263904685527,0.04494975375835122,-0.5400117824287917,1.9853006923877756,1.0022458263904626
-0.03915277157897512,0.018401524519126022,0.0028570017996885078,0.0433557157273043,-0.5391527715789701,1.9891861655875591,1.0028570017996807
-0.03683222358502508,0.016488924396801385,0.0035446929891145285,0.04051002555377851,-0.5368322235850186,1.9931166372515394,1.0035446929891039
-0.03400265971591154,0.014304497865977872,0.0043361094395900635,0.03714298550232522,-0.534002659715903,1.9967752825070184,1.004336109439575
-0.03115891554360739,0.012475825860199796,0.005123561629867934,0.0339525423572778,-0.5311589155435962,2.0007896822875404,1.005123561629847
-0.02837544004478404,0.011059132440722763,0.0051493391108254905,0.030886658954229047,-0.5283754400447686,2.0052160606543543,1.0051493391107953
-0.025352570670903463,0.009649263054716029,0.0051093525018727215,0.027603742501890124,-0.5253525706708831,2.0096492630546363,1.005109352501832
