-1.0001802157532276,-2.999564920684401,0.9999999999999986,0.012800144780344297,-1.0083766178727496,-2.992528632591654,1.006866829586404
-0.9718124086740726,-2.9715651047181453,1.000000000000001,0.0424584970528268,-1.0081197538806321,-2.992523708436748,1.006725889249995
-0.9436171287228317,-2.9431487714197964,1.0000000000000004,0.08127744502679866,-1.008100580186796,-2.9921491533117104,1.0068461764383803
-0.9151771668457505,-2.915323152545284,1.0000000000000002,0.11945273298359714,-1.007264336508575,-2.9911082357834413,1.0067475743290668
-0.8869146453714052,-2.8870691546439797,1.0000000000000009,0.15836732301969766,-1.0068361124995373,-2.990286933046086,1.006718701064588
-0.8587306569402866,-2.8586255612046263,1.0000000000000009,0.19574787092260643,-1.0055525304365498,-2.987920102564445,1.0065945438306876
-0.8303974826733305,-2.830542134233471,1.0,0.23052757097066232,-1.0025222644743486,-2.983754696266073,1.0064754384401142
-0.8020375914760003,-2.8025232076379787,0.9999999999999996,0.26678704533328457,-1.000475384559967,-2.9807256506332513,1.0064543895253883
-0.7739519922798539,-2.773842081573197,1.0,0.29754088902302916,-0.9947697846998068,-2.973142799244417,1.007021903383677
-0.7739519922798539,-2.773842081573197,1.0,0.2845418993233889,-0.9867904046755224,-2.96252877479013,1.0078252464697177
-0.7739519922798539,-2.773842081573197,1.0,0.276400137234053,-0.9817574338293666,-2.9559147756246675,1.0079667061107398
-0.7739519922798539,-2.773842081573197,1.0,0.25776412080168765,-0.9700081135537563,-2.94093121523312,1.0092499025117119
-0.7460128785686838,-2.744807308263967,1.0000000000000009,0.2746948203514051,-0.9549348800658204,-2.922854830212563,1.010388529553568
-0.7460128785686838,-2.744807308263967,1.0000000000000009,0.26189648743186683,-0.94661088916961,-2.9128432217655473,1.0106836344841121
-0.7177683800491479,-2.716509799100881,1.0000000000000013,0.2734755781653935,-0.9279519233172663,-2.8910968590106996,1.0114511354983096
-0.7177683800491479,-2.716509799100881,1.0000000000000013,0.242835665259391,-0.9073012197579592,-2.867836234899947,1.0121149833774603
-0.6889311137554632,-2.6896433579375683,1.0000000000000009,0.2659293704784179,-0.8963631626983353,-2.8556090916770542,1.0120727121527708
-0.6598250781207236,-2.6634257833629533,1.0,0.27111833094884347,-0.8730798275370458,-2.8304185307521528,1.0118736492821387
-0.6598250781207236,-2.6634257833629533,1.0,0.2360885558826842,-0.8486711192174088,-2.8046918773069422,1.0109027373942725
-0.6313247944198928,-2.6357457942544875,0.9999999999999996,0.25776682677995233,-0.8363146735125163,-2.791685616632873,1.0102790201087022
-0.6042678260797063,-2.6045813336279284,0.9999999999999996,0.2629912634596353,-0.8113174456232501,-2.7665213357885348,1.008384235396973
-0.5783174054264202,-2.5707454305698416,0.9999999999999998,0.2690004194081091,-0.785985501209463,-2.741615947951863,1.0062011228970118
-0.5516542214860645,-2.5386302903076268,0.9999999999999999,0.2925199922604365,-0.7732792337280701,-2.729480893769734,1.005132930832014
-0.5516542214860645,-2.5386302903076268,0.9999999999999999,0.258127169674457,-0.7479738174632663,-2.7061943230930146,1.003247595447656
-0.5220653140610502,-2.5135784713637914,0.9999999999999998,0.26337253406286376,-0.7229325328101311,-2.683904739901311,1.0025326619963886
-0.4880414394448264,-2.4992336103591577,0.9999999999999998,0.28233275774574657,-0.7105268635495513,-2.673034711528413,1.0022802170101537
-0.4880414394448264,-2.4992336103591577,0.9999999999999998,0.2501699020236591,-0.6859398431518501,-2.652238466886114,1.0032734642054906
-0.44967759055497114,-2.495366374120806,0.9999999999999999,0.25216835938777504,-0.6612354041072833,-2.6325235675381253,1.0044807694842797
-0.4086478627983783,-2.4979351388101776,1.0,0.27086884190298055,-0.6488303145986122,-2.6230519919331985,1.005300228833043
-0.4086478627983783,-2.4979351388101776,1.0,0.24060427243652754,-0.6240692838011304,-2.60489156853019,1.0066595367266713
-0.3672916635380913,-2.501292075421039,1.0,0.24781283593545128,-0.5993901800850723,-2.587806605588967,1.0075310252213332
-0.3270915791270109,-2.501857903950721,0.9999999999999997,0.2710082213145069,-0.5865719337961985,-2.5796327197345836,1.0081535017380043
-0.3270915791270109,-2.501857903950721,0.9999999999999997,0.24254281732537572,-0.5612839969223364,-2.5643756258535713,1.008512586644973
-0.2877731086147917,-2.500295328203727,0.9999999999999994,0.2522875105716355,-0.5348593051770918,-2.5504983547157885,1.0087781312270168
-0.2483522492195974,-2.498979941104348,0.9999999999999998,0.27711833494267757,-0.5216521376863985,-2.5440491425660086,1.0083969997644626
-0.2483522492195974,-2.498979941104348,0.9999999999999998,0.248359627894374,-0.4943575678488332,-2.5321909291244684,1.0078050143297421
-0.20824911150426212,-2.4993117196356316,1.0000000000000004,0.25941611362063044,-0.46664082412918684,-2.521438735673384,1.0063904627418698
-0.1677896141719792,-2.5005038263226833,1.000000000000001,0.2848651649599622,-0.452125240206442,-2.516901074028929,1.0057047561662729
-0.1677896141719792,-2.5005038263226833,1.000000000000001,0.25514287929316337,-0.4227745000275757,-2.508689986644751,1.0036855960705895
-0.1276853897150113,-2.5008382279255055,1.0000000000000007,0.2653945094111461,-0.3930761746065621,-2.50153235146703,1.00122274802746
-0.08810639073601809,-2.4999046241347678,0.9999999999999998,0.2895180930361224,-0.3776208102417766,-2.4984630784892228,1.0002214490196546
-0.08810639073601809,-2.4999046241347678,0.9999999999999998,0.25850310701459034,-0.3465133079038557,-2.493157523913506,0.9979510650046158
-0.04837124257712073,-2.499347997494221,0.9999999999999993,0.2665326058460874,-0.31466665204850464,-2.488676405919417,0.9964641822962228
-0.008167287096865393,-2.4999231714321613,0.9999999999999996,0.2908572002748582,-0.2986910102869077,-2.4865873738602486,0.9959957873875651
-0.008167287096865393,-2.4999231714321613,0.9999999999999996,0.25829458690766177,-0.265901050686824,-2.483485359582385,0.9956183253034577
0.0320453206598009,-2.5005192345901923,0.9999999999999997,0.2657626916643034,-0.23294290620985417,-2.4805877005692123,0.9962876082234883
0.07182092912317666,-2.500060287491884,0.9999999999999992,0.2888430935693358,-0.216255182363642,-2.4792715925114366,0.9967880139558145
0.07182092912317666,-2.500060287491884,0.9999999999999992,0.25582540223520656,-0.18295030789418343,-2.4768992039152327,0.9986518809382252
0.11153878130923095,-2.49946190525549,0.9999999999999988,0.261964409497774,-0.1492694091726604,-2.474879429594517,1.0003761800853102
0.15174370059008602,-2.5000394051832613,0.999999999999999,0.2852630040540546,-0.1323198624993027,-2.4739587379523833,1.0016347488175998
0.15174370059008602,-2.5000394051832613,0.999999999999999,0.25206942900525486,-0.09878235964555893,-2.4723260180955355,1.0027673738394183
0.1918893536491331,-2.500473826753894,0.9999999999999988,0.25895735069964126,-0.06527419667168158,-2.470335107255031,1.0041803653835102
0.23156689806193648,-2.499778136103282,0.999999999999998,0.2817771301833221,-0.048569297632753666,-2.4696784181782516,1.0040087325788458
0.23156689806193648,-2.499778136103282,0.999999999999998,0.2485918290724246,-0.014938570742037322,-2.467995448505463,1.0047762014578636
0.27156976472293887,-2.499867836246006,0.9999999999999982,0.25588011876629085,0.01793810414669606,-2.4663845812972,1.0049484918128555
0.31170292019194396,-2.500272086493248,0.9999999999999986,0.2793340440305419,0.03457202458702999,-2.4656109216131186,1.0049576713109558
0.31170292019194396,-2.500272086493248,0.9999999999999986,0.24709471230526367,0.06734928936325356,-2.4638695837404754,1.0046859090250966
0.3514128234276038,-2.4996544966994256,0.9999999999999957,0.25416771255490334,0.09998338237030704,-2.462671173574688,1.0040860843919908
0.391705515884232,-2.500443863535016,0.9999999999999929,0.27825774595391356,0.1162198940082711,-2.4615019918658976,1.004309983047948
0.391705515884232,-2.500443863535016,0.9999999999999929,0.24615801694529038,0.14896485226733763,-2.459746347838739,1.0038015456618086
0.4312599952677515,-2.4994509397879643,0.9999999999999882,0.25359841266199573,0.1810113496465342,-2.4584575224894563,1.0027037025762129
0.47160833974981126,-2.5003746136166773,0.9999999999999766,0.277205741811507,0.19762707159774676,-2.4582469126136575,1.001595243948271
0.47160833974981126,-2.5003746136166773,0.9999999999999766,0.2449686720029313,0.23058727701386267,-2.4565739756453198,0.9999588440072086
0.5277317871851556,-2.4999802661650214,0.9999999999999764,0.2676679313666195,0.2638686073657252,-2.455046657155976,0.9981793959555663
0.626284747870526,-2.5017424265921333,1.0000000000000009,0.3487450111369407,0.28078149740436614,-2.4543790001171897,0.9972995291567124
0.626284747870526,-2.5017424265921333,1.0000000000000009,0.3142543008539364,0.31586868304077037,-2.4529814622608517,0.9955277904466814
0.626284747870526,-2.5017424265921333,1.0000000000000009,0.2785453940101472,0.3522919670853736,-2.451956370657971,0.9939303017860828
0.626284747870526,-2.5017424265921333,1.0000000000000009,0.2603258378346333,0.371022298890542,-2.451069778714636,0.9934496761814402
0.7222989426062975,-2.497271340560992,1.0000000000000002,0.3157638335699303,0.4102467872762296,-2.4494540043902284,0.9933853718040966
0.7222989426062975,-2.497271340560992,1.0000000000000002,0.27570123348075515,0.45116267891567424,-2.4476458939939993,0.9942024395022341
0.7222989426062975,-2.497271340560992,1.0000000000000002,0.25508356683870714,0.47233910856948014,-2.446679705362943,0.9946902083438737
0.8197366648656491,-2.499888620486933,1.0000000000000004,0.3090979132956744,0.5157057455272659,-2.444293120162061,0.9960174840082057
0.8197366648656491,-2.499888620486933,1.0000000000000004,0.26569308667709574,0.5605650949645212,-2.4414493867626814,0.9972125953451622
0.9228528987628396,-2.507576982642218,1.000000000000001,0.34653102766893407,0.5830396896777521,-2.4396947718594983,0.9983442440298904
0.9228528987628396,-2.507576982642218,1.000000000000001,0.3031384056650558,0.6283737808742405,-2.435648259561372,0.9989041383922229
0.9228528987628396,-2.507576982642218,1.000000000000001,0.26094775845669027,0.6735627688484465,-2.43045944370556,0.9989758129129915
1.016203657135178,-2.4874675268140747,1.0000000000000007,0.3259056791986643,0.6958556980289972,-2.427550846656045,0.9987006658290805
1.016203657135178,-2.4874675268140747,1.0000000000000007,0.2838858973824657,0.7402053023566999,-2.421026631230225,0.9986891658239215
1.016203657135178,-2.4874675268140747,1.0000000000000007,0.24481560130705823,0.7830396112831293,-2.412842024593374,0.999509302997373
1.078063281567413,-2.4239699283008815,0.9999999999999998,0.2745391537153156,0.803977443047161,-2.4082001574160206,0.9998801183454407
1.078063281567413,-2.4239699283008815,0.9999999999999998,0.23506369158159163,0.8444813782568877,-2.3976950207740186,1.002015633958061
1.1045565202074044,-2.332473739088901,0.9999999999999997,0.2279306182181992,0.8830341605331868,-2.3859694632499426,1.0042916642672566
1.105825214823858,-2.231825417824188,1.0000000000000002,0.2521916029399022,0.901427871102934,-2.3794452536317774,1.005542070855557
1.098143618323277,-2.1330009508947145,1.000000000000001,0.2828433887982198,0.9369260024308159,-2.36529800449094,1.0068805380112398
1.098143618323277,-2.1330009508947145,1.000000000000001,0.25148397574492026,0.9700898401481662,-2.349298794245183,1.0078525736855741
1.0941049604172408,-2.0370242261994504,1.000000000000001,0.3222765738544788,0.9857058356896121,-2.3404193008470178,1.007952892131946
1.0941049604172408,-2.0370242261994504,1.000000000000001,0.29468987946079367,1.0152017544223433,-2.320843092179221,1.0079536440894006
1.0941049604172408,-2.0370242261994504,1.000000000000001,0.2668705590403567,1.0421857305456819,-2.2986873704590356,1.0075291293151523
1.0975978743653283,-1.9403869498785342,1.0000000000000007,0.34866467983054766,1.0545244893532737,-2.286298997162846,1.0075231647939984
1.0975978743653283,-1.9403869498785342,1.0000000000000007,0.31916892138119607,1.0774025289127458,-2.258830349973479,1.0073992792661026
1.0975978743653283,-1.9403869498785342,1.0000000000000007,0.2876745834229112,1.097347042464559,-2.227960632575697,1.007614463270286
1.0975978743653283,-1.9403869498785342,1.0000000000000007,0.27089272910039897,1.1062982373550156,-2.211024134245287,1.0079176259918037
1.0975978743653283,-1.9403869498785342,1.0000000000000007,0.23533700712291106,1.1219096454590036,-2.1743378215358957,1.0077093682373197
1.1045708324202208,-1.8409996368820565,0.9999999999999999,0.29561823995640446,1.1348219564619026,-2.134958885889186,1.0079355662873823
1.1045708324202208,-1.8409996368820565,0.9999999999999999,0.2757737133256697,1.140305571669931,-2.114334647450714,1.007882979742193
1.1045708324202208,-1.8409996368820565,0.9999999999999999,0.2352121461837695,1.1494916181132442,-2.0717676628748096,1.0072797599207959
1.1072896464937123,-1.7412363578149572,0.9999999999999996,0.2907347636265074,1.156258231832598,-2.0277528925807453,1.0060873423326069
1.1072896464937123,-1.7412363578149572,0.9999999999999996,0.26934513908897206,1.1590054370547942,-2.005509176197308,1.0056708395982557
1.1010731771641173,-1.6447605997427979,0.9999999999999997,0.32176921011537285,1.1631141583042883,-1.9604593755973554,1.0045413832000574
1.1010731771641173,-1.6447605997427979,0.9999999999999997,0.27864861500952687,1.165589861093046,-1.9158173172806088,1.0033021234334347
1.1010731771641173,-1.6447605997427979,0.9999999999999997,0.25705021221980306,1.1661273226995463,-1.8934264458800134,1.0028401964304718
1.0849399943274591,-1.553446970826049,0.9999999999999999,0.3068315954142572,1.1665206737565539,-1.8492295662587634,1.0016961507694877
1.0849399943274591,-1.553446970826049,0.9999999999999999,0.264987843776948,1.1657110943013533,-1.80582117716238,1.0013589461617054
1.060681043329514,-1.4665698498816897,0.9999999999999999,0.33439417995629067,1.165035464729182,-1.78426160584443,1.0012532024143146
1.060681043329514,-1.4665698498816897,0.9999999999999999,0.2936051436262956,1.1628890692781033,-1.741807480208366,1.0013216079849783
1.060681043329514,-1.4665698498816897,0.9999999999999999,0.2541226083518086,1.1601574675425554,-1.7004089846177943,1.0014142726694781
1.0313526196298257,-1.3818286810806142,0.9999999999999998,0.32396808512165787,1.1584092405855164,-1.6798390940134607,1.0013149267318087
1.0313526196298257,-1.3818286810806142,0.9999999999999998,0.2852367283286377,1.154660856970282,-1.639031657910506,1.0013032656892973
1.0313526196298257,-1.3818286810806142,0.9999999999999998,0.24762621614292102,1.1503043325331372,-1.5990108787556139,1.0010610992819424
0.9999756481336551,-1.2971260457551006,0.9999999999999998,0.31844237440535494,1.1480035016764323,-1.5790691960411718,1.001166361523818
0.9999756481336551,-1.2971260457551006,0.9999999999999998,0.28112719392332575,1.1424683452356723,-1.5394649527707363,1.0004296303795945
0.9999756481336551,-1.2971260457551006,0.9999999999999998,0.2449219303515038,1.1366481305092655,-1.5003682276832673,1.0000036706069255
0.9685636669752236,-1.2117709791593658,0.9999999999999999,0.31577628911953537,1.1335131591529524,-1.4810405358052106,0.9995145474647207
0.9685636669752236,-1.2117709791593658,0.9999999999999999,0.279296762297366,1.1266552696094896,-1.4420164619458307,0.999137293359001
0.9685636669752236,-1.2117709791593658,0.9999999999999999,0.2439421113580652,1.1193125833898654,-1.4035537447924094,0.9986257002571782
0.9368747364042437,-1.1267782822195298,1.0,0.3135038440660156,1.11525584389121,-1.3845809455190898,0.9983790337616972
0.9368747364042437,-1.1267782822195298,1.0,0.2774186360720653,1.106987419235075,-1.3459101610746835,0.9980013880836398
0.9368747364042437,-1.1267782822195298,1.0,0.24246549994576763,1.0980080933414664,-1.3079330218689738,0.997081053506009
0.9024906819790626,-1.0435256681979632,0.9999999999999999,0.3109294097757418,1.0934174218561428,-1.2889057931849943,0.9964402072040779
0.9024906819790626,-1.0435256681979632,0.9999999999999999,0.2750964245970221,1.0831222465963901,-1.2509421774741625,0.9946453413145518
0.9024906819790626,-1.0435256681979632,0.9999999999999999,0.2403878987424276,1.0725019065720531,-1.2133149508959078,0.9926430403624317
0.8626053500397746,-0.9628175527381877,0.9999999999999996,0.3092540295707668,1.0669640540661613,-1.1947590603580938,0.9911280251681243
0.8626053500397746,-0.9628175527381877,0.9999999999999996,0.2744414588559524,1.055465341074132,-1.1577490524135485,0.9888264315670494
0.8626053500397746,-0.9628175527381877,0.9999999999999996,0.24068309363264953,1.0435137200451643,-1.1209590784159895,0.9861518564828026
0.8169068485281681,-0.8842146470843831,0.9999999999999996,0.31061621575009135,1.0373455124031514,-1.1025340888894601,0.9849716838654816
0.8169068485281681,-0.8842146470843831,0.9999999999999996,0.27701296756868493,1.0249045626821671,-1.066330975532247,0.9824849201945751
0.8169068485281681,-0.8842146470843831,0.9999999999999996,0.2449045818325924,1.0123363616401346,-1.0305457215923772,0.9806925858605423
0.7698592805111503,-0.8057429111776219,0.9999999999999999,0.31448626710798067,1.0059127493976496,-1.0125891691964994,0.9801254542253022
0.7698592805111503,-0.8057429111776219,0.9999999999999999,0.2815549724190211,0.9928096575206822,-0.9764420634530186,0.9793086661221606
0.7698592805111503,-0.8057429111776219,0.9999999999999999,0.25012640756291243,0.9799677753984153,-0.9399945896110229,0.9801473685786743
0.7299250359113979,-0.7242941196466373,1.0000000000000007,0.3143311884965939,0.973325165737951,-0.9222024471795911,0.9801816560932209
0.7299250359113979,-0.7242941196466373,1.0000000000000007,0.28125757845647864,0.9601396772477317,-0.8848592923426027,0.9819481394116792
0.7299250359113979,-0.7242941196466373,1.0000000000000007,0.2504145838620212,0.9469006021349924,-0.8482524631451882,0.9837705037097557
0.7064033943379686,-0.6364163741081089,1.000000000000001,0.30392787406174454,0.9404655632952806,-0.8296963909729699,0.9848379165214869
0.7064033943379686,-0.6364163741081089,1.000000000000001,0.2710118536034082,0.9275142662030531,-0.7925598298560155,0.9867098395901764
0.7064033943379686,-0.6364163741081089,1.000000000000001,0.24035240931108115,0.9147163263126556,-0.7556972302261961,0.9878723292637429
0.6976703122647475,-0.542566438870578,1.0000000000000004,0.28693587898430517,0.9083830317698576,-0.7369801909472736,0.9883534773121868
0.6976703122647475,-0.542566438870578,1.0000000000000004,0.2533803369719892,0.8960020409297796,-0.6998502198011457,0.9886892606358365
0.6971366530547008,-0.4451546711162806,0.9999999999999997,0.28690123446260957,0.8837507330182262,-0.6627894315084796,0.9889268538993482
0.6971366530547008,-0.4451546711162806,0.9999999999999997,0.26903556210617696,0.8779051426788939,-0.6440930281127197,0.9887564706461015
0.6986755217020297,-0.34673154090774966,0.9999999999999994,0.3091456191379762,0.8661859034797208,-0.6063151738329944,0.9887029496669865
0.6986755217020297,-0.34673154090774966,0.9999999999999994,0.2714201187075217,0.8550081954492312,-0.5683019056331146,0.9883574301065009
0.6986755217020297,-0.34673154090774966,0.9999999999999994,0.2529807879414105,0.8494683396687588,-0.5495085323945242,0.988071176056191
0.7011199842097583,-0.24798223337134156,0.9999999999999997,0.29661726867246707,0.8387977292358604,-0.5104366988109179,0.9879876659192157
0.7011199842097583,-0.24798223337134156,0.9999999999999997,0.25721807203276437,0.8285350097888954,-0.4711117005090957,0.9881767715178085
0.7044044678550383,-0.14891812128126566,0.9999999999999997,0.325127626775963,0.823345780975871,-0.4512838090025811,0.9883411572238961
0.7044044678550383,-0.14891812128126566,0.9999999999999997,0.2838944941852188,0.8135371640535881,-0.4107752953557828,0.9891852492019337
0.7044044678550383,-0.14891812128126566,0.9999999999999997,0.24192041736333522,0.8034024528571045,-0.36943309866745766,0.990098886368281
0.7002291833033921,-0.0528951765187929,0.9999999999999991,0.3117991631047122,0.7984198335008527,-0.3486747126985879,0.9904197962514252
0.7002291833033921,-0.0528951765187929,0.9999999999999991,0.26851693572449614,0.7882153729197159,-0.3064401094817994,0.9913546442260565
0.6700193001774212,0.03212976183685878,0.9999999999999988,0.31596516214568116,0.7781301945463244,-0.2646536820309449,0.9919002682471175
0.6700193001774212,0.03212976183685878,0.9999999999999988,0.293698348935284,0.7728531865160121,-0.2428770913157971,0.9925741864494733
0.6700193001774212,0.03212976183685878,0.9999999999999988,0.24998057004507526,0.7621648149216314,-0.2001396600412367,0.9929003399376705
0.6082113924835465,0.10405831815131625,0.999999999999999,0.29785589304386517,0.7511982520694014,-0.15713599763222327,0.9928992670024759
0.6082113924835465,0.10405831815131625,0.999999999999999,0.2761950050638502,0.74551335293826,-0.1354824769435663,0.9927847409731855
0.6082113924835465,0.10405831815131625,0.999999999999999,0.23382778765111611,0.7341877877748355,-0.09277817342723553,0.9922039952363351
0.5273973629832364,0.1687383036572487,0.9999999999999986,0.29346989656116806,0.7222446032525067,-0.05052943200480048,0.9910114937442496
0.5273973629832364,0.1687383036572487,0.9999999999999986,0.2740157937080527,0.7162693533267439,-0.029534820708794974,0.9900102743149034
0.5273973629832364,0.1687383036572487,0.9999999999999986,0.23565963486258068,0.7033182934585227,0.012430628495735684,0.987542054347635
0.4527291159005719,0.23553047931869284,0.9999999999999979,0.29959419868192344,0.6896222234205144,0.05284520922679709,0.9837386475082806
0.4527291159005719,0.23553047931869284,0.9999999999999979,0.28218767554480856,0.6822947428863573,0.0724469809861721,0.9817440500758747
0.4527291159005719,0.23553047931869284,0.9999999999999979,0.24876535845234732,0.6671792821740412,0.11132781695260878,0.9783429362012566
0.40845922873836216,0.31366715788235044,0.9999999999999987,0.2936279051313722,0.6504494734954941,0.1491695523552753,0.9755335762711358
0.40845922873836216,0.31366715788235044,0.9999999999999987,0.2763124359806781,0.6416037525448797,0.16757732105981638,0.9745058266701196
0.40845922873836216,0.31366715788235044,0.9999999999999987,0.24263514915389597,0.6225941525608913,0.2026267339459813,0.9737688304400194
0.3904923473953469,0.4071290039312779,0.9999999999999983,0.2737504162487045,0.60226062551174,0.23557717442958215,0.9742423492030394
0.3904923473953469,0.4071290039312779,0.9999999999999983,0.25545934986476826,0.5915523201040611,0.2514801439544115,0.9753464161712122
0.337708700698044,0.4853512171959056,0.9999999999999947,0.30879187982895673,0.5688806109738427,0.2817865575753291,0.978242189878161
0.337708700698044,0.4853512171959056,0.9999999999999947,0.2716373446240159,0.5448464361356689,0.31053743785997273,0.9820849753992118
0.337708700698044,0.4853512171959056,0.9999999999999947,0.25276267457246665,0.5320203441597152,0.3244633917157479,0.9842817785828829
0.23558870770913176,0.5029860702914234,0.9999999999999918,0.3107262225133379,0.5062784995832335,0.3508853752218823,0.988033359204582
0.23558870770913176,0.5029860702914234,0.9999999999999918,0.2749064306442298,0.4792653379694038,0.37606957024751886,0.9906486636700872
0.23558870770913176,0.5029860702914234,0.9999999999999918,0.25728539913022874,0.46569481380969613,0.38823944685853873,0.9910462883903468
0.14002553117460087,0.49916365047902406,0.9999999999999852,0.310328667787667,0.4376030466901954,0.4116161982241052,0.9906754134618599
0.14002553117460087,0.49916365047902406,0.9999999999999852,0.2769959116869659,0.409004243783705,0.43402732762829216,0.9884048846522352
0.14002553117460087,0.49916365047902406,0.9999999999999852,0.26068649819030165,0.3946463565185037,0.44482526015639245,0.9868461041110407
0.04184257389528912,0.5001182936132436,0.9999999999999716,0.32641565424093716,0.3659457609457471,0.4651351280077516,0.9832524150548633
0.04184257389528912,0.5001182936132436,0.9999999999999716,0.29623373759108573,0.336927761202155,0.483972227964651,0.9795436053193964
0.04184257389528912,0.5001182936132436,0.9999999999999716,0.2816747461043591,0.3225854070174132,0.4927231757274192,0.9783335172449615
0.04184257389528912,0.5001182936132436,0.9999999999999716,0.2534349318341741,0.2940253414304643,0.509306692571799,0.9765758723391457
-0.018382810391584656,0.5001945459666695,0.9999999999999885,0.2862600228533743,0.2659369524162938,0.5245194887629873,0.9772982309314336
-0.018382810391584656,0.5001945459666695,0.9999999999999885,0.27324061023217094,0.2521685396414299,0.5314708788793367,0.9779957032627961
-0.018382810391584656,0.5001945459666695,0.9999999999999885,0.24789896136427184,0.2248295278558228,0.5443307217747402,0.9811943743854953
-0.053133981384972696,0.5002188538306765,1.0000000000000007,0.2577765079749357,0.19815384369402456,0.5557626893663704,0.9852338439394978
-0.08648592101982303,0.5002272341966786,1.0,0.2782839966847675,0.18478567902908263,0.5610709316018379,0.987681465029328
-0.08648592101982303,0.5002272341966786,1.0,0.25581195480256386,0.15933131052246027,0.5706148973223951,0.9923044313727247
-0.12052138978650823,0.4999601250306098,1.0000000000000007,0.2663859870529736,0.13387661320009317,0.5788710120306167,0.995972334734826
-0.15456060886163164,0.49948313603328426,1.000000000000001,0.2880542344010423,0.12130048660644878,0.5823671051767721,0.9975209633841804
-0.15456060886163164,0.49948313603328426,1.000000000000001,0.266341126685017,0.0965000406397281,0.5883990055160191,0.9996620799962436
-0.18803391864586133,0.49970990071380056,1.0000000000000004,0.27624440275662143,0.07193779246282593,0.5931178744538981,1.000793674588837
-0.18803391864586133,0.49970990071380056,1.0000000000000004,0.26579839920901954,0.059918609893245614,0.5954593420134193,1.0006140879021352
-0.22143860769688078,0.5007181658024887,0.9999999999999997,0.27531451197566653,0.035806614091889066,0.5988135359890067,0.9994758633613038
-0.22143860769688078,0.5007181658024887,0.9999999999999997,0.25393997184765116,0.011642071196163499,0.6014648808621823,0.9969990279201011
-0.2552901258481343,0.5013377226251172,0.9999999999999998,0.2741727354582867,-0.0005381032591522227,0.6025967876915921,0.9956759281497842
-0.2552901258481343,0.5013377226251172,0.9999999999999998,0.25265884369392133,-0.024665352535986024,0.6042954864452074,0.9930426944413713
-0.28946186445845273,0.5002668339969798,1.0000000000000004,0.2628499776230934,-0.04867896462066858,0.6053217217465215,0.9912149876437484
-0.3234815814947065,0.49760973831824407,1.0000000000000013,0.28428923478370627,-0.06095474445722795,0.6063330700022782,0.9910968546835462
-0.3234815814947065,0.49760973831824407,1.0000000000000013,0.261950888427677,-0.0861543459233062,0.6081229442387451,0.9910065289648962
-0.3570874114868008,0.49594260417568853,1.000000000000001,0.27142170807372173,-0.10992325452253429,0.6078363719875669,0.9922923511586546
-0.3570874114868008,0.49594260417568853,1.000000000000001,0.2603162295569098,-0.12234850330844037,0.608232157449633,0.9927033854771529
-0.39032863811387036,0.49904828995250683,1.0000000000000004,0.2670558904841119,-0.14715278681849903,0.6093124860751352,0.9948852133510824
-0.4226681878055189,0.5096625876528049,0.9999999999999998,0.26995352912449333,-0.17230355396887626,0.6105688835657603,0.9967785941361593
-0.45242833842634234,0.5285611732519996,0.9999999999999996,0.2799942020813713,-0.18499864957641296,0.6114660434375346,0.9977870335896452
-0.45242833842634234,0.5285611732519996,0.9999999999999996,0.25652267455009997,-0.21028058045962658,0.6132226129309994,0.9991131507972445
-0.4770399317211018,0.5544704239965689,0.9999999999999997,0.24896744669465481,-0.235706725225908,0.6156510723216922,0.9999649725606186
-0.49411986434598154,0.5849638252586935,0.9999999999999999,0.24738536405256145,-0.2489151436098639,0.617738047563495,1.0001167409797986
-0.502732320120999,0.6176865885337584,0.9999999999999999,0.2285624133889978,-0.27420355743303854,0.6215070751341613,0.9991138168083821
-0.5038776578122139,0.6511856903437618,0.9999999999999998,0.2061850937019449,-0.2992260582352762,0.6262176099817136,0.9974288876891821
-0.5017497350893757,0.6849365432681913,0.9999999999999998,0.19847014697938048,-0.3113478802829742,0.6291122872442326,0.9953972434704392
-0.49948446340299407,0.718901223920711,0.9999999999999999,0.18392863118968175,-0.33560985218059125,0.6357700307954262,0.99199638221909
-0.4987462235665042,0.7529323572642791,1.0,0.1770635104302368,-0.3590637032709118,0.6446964268764636,0.9888078767504133
-0.4994135105741775,0.7867770190491998,0.9999999999999998,0.18871382258978808,-0.3701589901977677,0.6498351571073813,0.9876265507386908
-0.5003478425531197,0.8203390013478028,0.9999999999999994,0.1925653806842415,-0.3916571647167333,0.6620224584576307,0.9857299391438564
-0.5005765829615972,0.85382949570574,0.9999999999999996,0.1982524723551784,-0.4114580394223045,0.6773433151232608,0.9853522678962048
-0.5001275614299379,0.887574235270044,1.0000000000000002,0.21705919072670596,-0.42068006598843727,0.6860897199305404,0.9856202286036745
-0.4997559932242339,0.9215366144337531,1.0000000000000009,0.22514313422583188,-0.4376029778975395,0.7055840574704547,0.986182376620997
-0.49982382062943775,0.9554172067183446,1.0000000000000009,0.231634636173064,-0.4524437085496941,0.7289758761356968,0.9884218542806436
-0.5000885637140206,0.9890401764304932,1.0000000000000002,0.2518051570117708,-0.45915184526545916,0.7408444335055947,0.9886467901303893
-0.5001389915983172,1.0225970956349075,0.9999999999999994,0.2560574881094077,-0.4710470791382017,0.7683880697579614,0.9901577945049612
-0.4999524018697258,1.0563895118784496,0.9999999999999994,0.25927623276066547,-0.48093427223465807,0.7979723670268571,0.9908865557280672
-0.49988069358654913,1.090349337284664,0.9999999999999998,0.2767856238706081,-0.485146117677523,0.8140866825353372,0.9915076831737635
-0.49988069358654913,1.090349337284664,0.9999999999999998,0.2433689935647487,-0.4923229777937447,0.8472402935996094,0.9916728852984897
-0.5000255560736501,1.124079145178322,0.9999999999999996,0.2416368026378664,-0.49783925866130146,0.8825813628894243,0.9921015417820864
-0.5000793812752472,1.1576324659991946,0.999999999999999,0.25723683838791106,-0.49999201063871934,0.9005322942162327,0.9916163814881835
-0.4999655767551223,1.1914005967761692,0.9999999999999989,0.25365664529322124,-0.5031413130835675,0.9378998129081954,0.9916957252871732
-0.49994866332935844,1.225323523523175,0.9999999999999989,0.24962963553712658,-0.5049903214171331,0.9758856697282742,0.9916158652015642
-0.5000601116761487,1.258964370793176,0.9999999999999982,0.2637471642834165,-0.5056816747767611,0.9953977246331049,0.9920258086440495
-0.5000114922588059,1.2925649491311524,0.9999999999999978,0.2585713671879202,-0.5061335269046077,1.0341836727237006,0.9922032940749395
-0.4999406513459039,1.3265507756348656,0.9999999999999988,0.2538064806177262,-0.5057772223750368,1.0729233670532294,0.992463312508672
-0.5000334439804778,1.3602018912502305,0.9999999999999974,0.2683720638177514,-0.505259557510971,1.0919902165365507,0.9923351502004996
-0.4999922714493726,1.3939135398480285,0.999999999999994,0.2643803096307119,-0.5039949832032093,1.1296716120647263,0.9924415596575059
-0.5000051625284557,1.4276698203991716,0.9999999999999905,0.26055912533764697,-0.502479549951896,1.1672306590042176,0.9924914438477423
-0.5000002656265355,1.461511816190398,0.9999999999999821,0.27577530898383396,-0.5014352165353897,1.1858463414447835,0.9923509481441461
-0.5000002656265355,1.461511816190398,0.9999999999999821,0.23865717773540998,-0.4997273471657572,1.2229742898487679,0.9924486738276479
-0.5000401910417921,1.4949921532151331,0.9999999999999667,0.23514894509940806,-0.49790161221742474,1.259985749939877,0.9920978938500797
-0.4989333533070153,1.597032184998904,1.0000000000000004,0.31862062984004497,-0.49675646722144023,1.278525178538192,0.9917748092986669
-0.4989333533070153,1.597032184998904,1.0000000000000004,0.2806780711567222,-0.4943240726907648,1.316545534647324,0.9907170513838963
-0.4989333533070153,1.597032184998904,1.0000000000000004,0.24137935451940654,-0.4912948972029213,1.3560540562520516,0.9883729521280514
-0.5028931941702353,1.7208156388733094,1.0000000000000007,0.3461983479193795,-0.49032490022312963,1.375028462429029,0.9887499912862715
-0.5028931941702353,1.7208156388733094,1.0000000000000007,0.3065691189847386,-0.4862100760343662,1.4149656051335038,0.9872699117951513
-0.5028931941702353,1.7208156388733094,1.0000000000000007,0.2869188017595083,-0.48357369196242017,1.434835898208579,0.9871647529479265
-0.5028931941702353,1.7208156388733094,1.0000000000000007,0.24594266140656623,-0.47730601856197236,1.4765833759062073,0.9864467395027963
-0.47459364614272875,1.8286290007775317,1.0000000000000002,0.310224280893445,-0.46923291024212765,1.5187386715659017,0.9866451945889633
-0.47459364614272875,1.8286290007775317,1.0000000000000002,0.26773236483072105,-0.45845626424462077,1.5616362519751852,0.9883777725761346
-0.39250335487545296,1.8888084996659487,1.0000000000000009,0.3115429721859408,-0.45205568198855556,1.5831709060930244,0.9900901438549378
-0.39250335487545296,1.8888084996659487,1.0000000000000009,0.26517331522766224,-0.43631348898001443,1.6273287186068068,0.9949124312454081
-0.2715816023909388,1.9098533701297546,1.0000000000000009,0.277154141584268,-0.41606549994005687,1.6733518847015527,1.0024225888182745
-0.2715816023909388,1.9098533701297546,1.0000000000000009,0.2496240285696716,-0.40405612663022383,1.6984166379002712,1.0075607096918908
-0.14696085055056884,1.8995211642305458,1.0,0.27214543244037487,-0.37428919375004155,1.7508705011925665,1.0169688289139378
-0.14696085055056884,1.8995211642305458,1.0,0.21418357935445895,-0.3389315171952322,1.80843564405752,1.0269313354273542
-0.05133014718454772,1.8535705454816678,0.9999999999999996,0.2698849205218631,-0.31892602399965514,1.8397503079498834,1.0322384564024274
-0.0009172392212677261,1.76812192899011,0.9999999999999999,0.3113242032980155,-0.27742775273550796,1.9049203617966177,1.041843568883625
-0.0009172392212677261,1.76812192899011,0.9999999999999999,0.31421272288596624,-0.2338464141451999,1.9733351904168228,1.0485916868124665
-0.0009172392212677261,1.76812192899011,0.9999999999999999,0.32395993331682094,-0.21144588086401983,2.008737403741971,1.052267798429179
-0.0009172392212677261,1.76812192899011,0.9999999999999999,0.35751681952869346,-0.16771916731521713,2.0790717882598155,1.0574941566613827
-0.0009172392212677261,1.76812192899011,0.9999999999999999,0.4040393981565386,-0.12619988154526857,2.1470109827783794,1.0632074340124982
-0.0009172392212677261,1.76812192899011,0.9999999999999999,0.4298525749087106,-0.10720917752974253,2.179304998771615,1.066360704723007
-0.0009172392212677261,1.76812192899011,0.9999999999999999,0.48169816236700713,-0.07140117918771677,2.239074702491987,1.072585253085234
-0.0009172392212677261,1.76812192899011,0.9999999999999999,0.5301042996317704,-0.03998745900584745,2.2906529020235187,1.0802836760171928
-0.0009172392212677261,1.76812192899011,0.9999999999999999,0.5513511772353505,-0.026003454191253408,2.312483308962116,1.0838420565841493
-0.0009172392212677261,1.76812192899011,0.9999999999999999,0.5865104439972019,-0.0014836266412716875,2.347456957173718,1.0914609492766378
-0.0009172392212677261,1.76812192899011,0.9999999999999999,0.6114250973015237,0.01818395377726338,2.3713743200891466,1.0977872520807572
-0.0009172392212677261,1.76812192899011,0.9999999999999999,0.619822363998679,0.026568238272573652,2.3790104171678155,1.101190742915564
-0.0009172392212677261,1.76812192899011,0.9999999999999999,0.629200450163506,0.040687054985342246,2.3867845886959578,1.1068587978372149
-0.0009172392212677261,1.76812192899011,0.9999999999999999,0.6289618874358471,0.05144577127294956,2.3847255679211106,1.1124772129628664
-0.0009172392212677261,1.76812192899011,0.9999999999999999,0.6254466961737579,0.05539624338002479,2.380358173051071,1.1148004481267832
-0.0009172392212677261,1.76812192899011,0.9999999999999999,0.612986248441492,0.06204326461569282,2.3660288150158557,1.1195636708116914
-0.0009172392212677261,1.76812192899011,0.9999999999999999,0.5934276106289514,0.06561391895549464,2.344631858016281,1.1239606219034275
-0.0009172392212677261,1.76812192899011,0.9999999999999999,0.5815297716818332,0.06671457510075614,2.33186810671271,1.1256704426147819
-0.0009172392212677261,1.76812192899011,0.9999999999999999,0.5536184796487235,0.06728383481526835,2.302253486507291,1.1286293659049034
-0.0009172392212677261,1.76812192899011,0.9999999999999999,0.5204667801158946,0.06555741374567998,2.2677965340999853,1.1295842533852822
-0.0009172392212677261,1.76812192899011,0.9999999999999999,0.5022067309371162,0.06409520077754466,2.249084354486357,1.1290741201973227
-0.0009172392212677261,1.76812192899011,0.9999999999999999,0.4632853066768333,0.060018961123462604,2.2098105221737883,1.125822261629719
-0.0009172392212677261,1.76812192899011,0.9999999999999999,0.4213724858387932,0.05481604015925616,2.168405769818322,1.1192535960181964
-0.0009172392212677261,1.76812192899011,0.9999999999999999,0.39980673727547006,0.051874994922528596,2.147403573730097,1.1149079681671104
-0.0009172392212677261,1.76812192899011,0.9999999999999999,0.3552669948877417,0.04548469900167882,2.1046323254529336,1.1040300478619223
-0.0009172392212677261,1.76812192899011,0.9999999999999999,0.31033742169096973,0.038283674148361924,2.0622181858382524,1.0909944800561933
-0.0009172392212677261,1.76812192899011,0.9999999999999999,0.2880697333662316,0.03465782752724758,2.0412146017601303,1.0844924729597676
-0.0009172392212677261,1.76812192899011,0.9999999999999999,0.24499620469743696,0.027220097935997292,2.0008792288950117,1.0711018277882254
0.006878535789810522,1.6505192143900418,1.0000000000000007,0.3184535865299295,0.019951207667211725,1.963295156151212,1.0584209061824128
0.006878535789810522,1.6505192143900418,1.0000000000000007,0.2998282747241878,0.01648768954802481,1.9455166588383883,1.0527367638093088
0.006878535789810522,1.6505192143900418,1.0000000000000007,0.2665106584911589,0.010150288347817558,1.91357024866158,1.0426776298927716
-0.0020741238456317467,1.523707859544453,1.0000000000000013,0.36366268502648497,0.004549948951216996,1.8857188899465198,1.0339806416579862
-0.0020741238456317467,1.523707859544453,1.0000000000000013,0.3506989355090093,0.0020366541739645686,1.8731136977809297,1.029806124831837
-0.0020741238456317467,1.523707859544453,1.0000000000000013,0.3276142985136819,-0.001995860989620363,1.8505165191188704,1.0229613260224655
-0.0020741238456317467,1.523707859544453,1.0000000000000013,0.3074626754738528,-0.004338050616163532,1.830687307209885,1.0170818662956884
-0.0020741238456317467,1.523707859544453,1.0000000000000013,0.29821714217224427,-0.005020046114844646,1.8215886296602959,1.0138503509903818
-0.0020741238456317467,1.523707859544453,1.0000000000000013,0.2810111452901445,-0.004650911287649609,1.8045752358340983,1.0086105098529785
-0.0020741238456317467,1.523707859544453,1.0000000000000013,0.2648500440701787,-0.002394755109609351,1.788528934453738,1.0039040137626625
-0.0037029235300568533,1.404125998594963,1.0000000000000009,0.37638934518977873,-0.000480372022555972,1.780494917704261,1.0022340686360471
-0.0037029235300568533,1.404125998594963,1.0000000000000009,0.36034065518742714,0.005039123512267088,1.7643596818345562,0.9991889179754491
-0.0037029235300568533,1.404125998594963,1.0000000000000009,0.34413920241314716,0.012479735788264276,1.7478755069768925,0.9975124988188928
-0.0037029235300568533,1.404125998594963,1.0000000000000009,0.3359012112383351,0.016923530089397995,1.7393790824599882,0.9969108445400859
-0.0037029235300568533,1.404125998594963,1.0000000000000009,0.3184757543631314,0.026951986345131792,1.721104275845488,0.996556982573524
-0.0037029235300568533,1.404125998594963,1.0000000000000009,0.30012088661810643,0.03879208489283799,1.7012052448018276,0.9967377436125391
-0.0037029235300568533,1.404125998594963,1.0000000000000009,0.29050975105190746,0.04503649973028665,1.6905014927903053,0.9969242235348059
-0.0037029235300568533,1.404125998594963,1.0000000000000009,0.27133934627663764,0.05874716572300248,1.6681698323461935,0.9975749127705374
-0.0037029235300568533,1.404125998594963,1.0000000000000009,0.2512224382817218,0.07314561599369929,1.6432996999886769,0.998280688826941
0.020914717783961676,1.2996545701645008,1.0000000000000002,0.33600690316584636,0.08055596576257062,1.6303238430828562,0.9988199736008242
0.020914717783961676,1.2996545701645008,1.0000000000000002,0.3123262690496582,0.0956572011309119,1.6029050869958483,0.9993806752620868
0.020914717783961676,1.2996545701645008,1.0000000000000002,0.288892375839495,0.11057682392711249,1.5742799004663286,0.999337054471024
0.020914717783961676,1.2996545701645008,1.0000000000000002,0.27735314935911987,0.11808810863062068,1.5594263434173863,0.9991471273036749
0.020914717783961676,1.2996545701645008,1.0000000000000002,0.2550492206501866,0.13277250529839404,1.5288617179803523,0.9985774260068203
0.07961638248034958,1.2096157342805651,0.9999999999999997,0.29593409160366807,0.14668067087907152,1.4978398216732791,0.9975013520659356
0.07961638248034958,1.2096157342805651,0.9999999999999997,0.28235581502047136,0.1532449811527431,1.4821874839183369,0.9971230167157045
0.07961638248034958,1.2096157342805651,0.9999999999999997,0.2558935376099255,0.16572586116781995,1.4505564576221437,0.9962279837843212
0.16657317221697826,1.1283872140361175,0.9999999999999996,0.29015787921154823,0.17733303624077565,1.4183252772250945,0.9965736741314316
0.16657317221697826,1.1283872140361175,0.9999999999999996,0.27434804466123647,0.18245144603092664,1.4022575920069438,0.9968781255230459
0.16657317221697826,1.1283872140361175,0.9999999999999996,0.24284210548163757,0.19227093457705152,1.3698576135022222,0.9980101793749704
0.26356773307927295,1.0487450113742884,0.9999999999999998,0.2955240190834398,0.20089087688730187,1.3375458959428486,0.9996734643396982
0.26356773307927295,1.0487450113742884,0.9999999999999998,0.2785366880479461,0.20521401851425455,1.3211004038225533,1.0002660630279128
0.26356773307927295,1.0487450113742884,0.9999999999999998,0.24507381350924398,0.21260876019874103,1.2884585482702717,1.0013331840619233
0.3441338756157304,0.9629597061453398,0.9999999999999999,0.31773359281974994,0.21969942423408853,1.2553108065383032,1.0012399252073705
0.3441338756157304,0.9629597061453398,0.9999999999999999,0.300940867104385,0.22303090699835806,1.238456862547276,1.0008906739279326
0.3441338756157304,0.9629597061453398,0.9999999999999999,0.2673086592291318,0.23003431007511962,1.2046917084260167,0.9990793938438399
0.3915929312313126,0.8659681079424905,0.9999999999999999,0.3412607562365556,0.23683760228149953,1.1701008226713787,0.9963967042283971
0.3915929312313126,0.8659681079424905,0.9999999999999999,0.3240721231656971,0.24059567277326913,1.1526673394523492,0.9948892659104616
0.3915929312313126,0.8659681079424905,0.9999999999999999,0.2892876246161685,0.24825963313060154,1.117109824436601,0.9915896701592748
0.3915929312313126,0.8659681079424905,0.9999999999999999,0.2538809172063552,0.25673809944850723,1.080777566277496,0.9887487300186643
0.4045007102173534,0.7560631399593266,0.9999999999999998,0.3380805455857175,0.26153354978942783,1.0621791839166197,0.9876787186279677
0.4045007102173534,0.7560631399593266,0.9999999999999998,0.299844888034126,0.271731984990076,1.024579947215817,0.9866528391595039
0.4045007102173534,0.7560631399593266,0.9999999999999998,0.26083831909999955,0.2831974783659093,0.9866097174919477,0.9869451066146399
0.39736519060518244,0.6368527612111449,0.9999999999999999,0.3486841383922162,0.28927433852408774,0.9681466760739588,0.9881114324842863
0.39736519060518244,0.6368527612111449,0.9999999999999999,0.3082768675843059,0.30254038007669404,0.9300091274834086,0.9898892478088759
0.39736519060518244,0.6368527612111449,0.9999999999999999,0.2676517091556437,0.3167596379033011,0.8919649365377957,0.9923868345830631
0.3941288223234993,0.5171360377872798,1.0,0.36280805893563844,0.3241471541678318,0.8730688560539099,0.9933605247519257
0.3941288223234993,0.5171360377872798,1.0,0.3227203616498989,0.34000259581312936,0.835255466791412,0.9956626831710667
0.3941288223234993,0.5171360377872798,1.0,0.28329851544376733,0.35648044944620044,0.7979049952035552,0.9969273100201802
0.3941288223234993,0.5171360377872798,1.0,0.26362255703291076,0.36513063076044266,0.7791468476812681,0.9974914224470984
0.41650284495217443,0.40718573645793205,1.0,0.3360441539526062,0.38273711945914424,0.7415242423837513,0.9981799332585968
0.41650284495217443,0.40718573645793205,1.0,0.2973641033526638,0.40107985730141743,0.7041424415069911,0.9979368128867192
0.41650284495217443,0.40718573645793205,1.0,0.2784884205230262,0.4101773081535158,0.6855925503907296,0.9976689261257315
0.41650284495217443,0.40718573645793205,1.0,0.24135013903907487,0.429100525184037,0.648171465078389,0.9958688175755606
0.47477777451415654,0.313631488719613,0.9999999999999997,0.2984041560610613,0.4481409310213659,0.6107792008532155,0.9937745604957938
0.47477777451415654,0.313631488719613,0.9999999999999997,0.27926167083133474,0.45776099559466144,0.5922724737560532,0.9924692969361335
0.47477777451415654,0.313631488719613,0.9999999999999997,0.24251831585458047,0.4764239891173729,0.5559239189158122,0.9896655057190895
0.5587457696358078,0.23264410004016003,0.9999999999999994,0.29437060945738525,0.4950022849725978,0.519746923204423,0.9872409715725092
0.5587457696358078,0.23264410004016003,0.9999999999999994,0.27486858684885246,0.5041679512727655,0.5016995581383032,0.9864662552627077
0.5587457696358078,0.23264410004016003,0.9999999999999994,0.23720820759310177,0.5225403755337973,0.46662387183310666,0.9854958771664472
0.6492374099317644,0.15415692895421065,0.9999999999999997,0.29856661485113273,0.5408420775450835,0.43193969331638365,0.9848602759683313
0.6492374099317644,0.15415692895421065,0.9999999999999997,0.27925877472784927,0.5500076668167743,0.41475199936928536,0.9848629388851406
0.6492374099317644,0.15415692895421065,0.9999999999999997,0.2411213153004933,0.5684137758032276,0.38080287750746616,0.9845519301240768
0.734514223261808,0.07164778966700065,1.0000000000000004,0.31266600454901683,0.5873729981938723,0.3470846095576904,0.9843779471689332
0.734514223261808,0.07164778966700065,1.0000000000000004,0.2930768853115665,0.597279634262232,0.3301304796765845,0.9842701795478811
0.734514223261808,0.07164778966700065,1.0000000000000004,0.2544400401566471,0.6172819292477417,0.2969483029033794,0.9846376430668987
0.8139108251020553,-0.014404118894053727,1.0000000000000009,0.32923692926986364,0.6384569052229947,0.2638111793204204,0.9855388301457805
0.8139108251020553,-0.014404118894053727,1.0000000000000009,0.3091212971023855,0.6495024068538584,0.24697979976061707,0.9857068058113078
0.8139108251020553,-0.014404118894053727,1.0000000000000009,0.2688157025341706,0.6724292182533621,0.21378269681814993,0.9867480572150239
0.893800673108365,-0.09908213463647435,1.0000000000000007,0.34241158128312144,0.6966629899197405,0.18061302373206695,0.9876289350084239
0.893800673108365,-0.09908213463647435,1.0000000000000007,0.3212869088218165,0.7094253336588011,0.16376206819365507,0.9880026243815526
0.893800673108365,-0.09908213463647435,1.0000000000000007,0.2789622470443793,0.7355421762975047,0.13035098680063575,0.9883971447117308
0.893800673108365,-0.09908213463647435,1.0000000000000007,0.23561772726003966,0.7630685766891679,0.09663919253662719,0.9891374747582374
0.9784198963448427,-0.17987228312622755,0.9999999999999999,0.3286839657886548,0.777330782412463,0.07990374388423277,0.9893824006899578
0.9784198963448427,-0.17987228312622755,0.9999999999999999,0.2841057180439565,0.8063630181514327,0.04597452188963191,0.9897184458500397
0.9784198963448427,-0.17987228312622755,0.9999999999999999,0.2393161468765525,0.8363196906928999,0.012414313183133659,0.9897231041030881
1.0645971524185274,-0.26037986276064357,0.9999999999999993,0.33300283093141386,0.8517032650527698,-0.004544717555864631,0.9892549263063662
1.0645971524185274,-0.26037986276064357,0.9999999999999993,0.28712861330014,0.8830864193853095,-0.03820692444177543,0.9883432488160008
1.0645971524185274,-0.26037986276064357,0.9999999999999993,0.24156214275180027,0.9146942072511912,-0.07142753422195601,0.9866436015031129
1.146971084842629,-0.3446815239914052,0.9999999999999996,0.3359494090698655,0.93081290472871,-0.08789474572835304,0.9859217496288634
1.146971084842629,-0.3446815239914052,0.9999999999999996,0.2900342291252892,0.9633982144978039,-0.12068706827150029,0.9842729804347315
1.146971084842629,-0.3446815239914052,0.9999999999999996,0.2446439151525239,0.9961018553109092,-0.15282312884263344,0.9832824340109485
1.2272054494629296,-0.4300883886003483,0.9999999999999998,0.3383644863330267,1.012723963294072,-0.16895474904759888,0.9827535512018868
1.2272054494629296,-0.4300883886003483,0.9999999999999998,0.2925810740694109,1.0461473894487725,-0.20089479503167393,0.9829131490731238
1.2272054494629296,-0.4300883886003483,0.9999999999999998,0.24733278675111497,1.0795553347712061,-0.2323430006228672,0.9835770719045331
1.3102375840311495,-0.51221882896936,0.9999999999999993,0.34034267002984003,1.0964270602568202,-0.24788717899264615,0.9842846639560092
1.3102375840311495,-0.51221882896936,0.9999999999999993,0.2942229575962762,1.1303493410812375,-0.2798552076710106,0.9853536242636332
1.3102375840311495,-0.51221882896936,0.9999999999999993,0.24889298882782857,1.1643010267029845,-0.3110457321349982,0.9865975288500471
1.3957321400650844,-0.5927781443888149,0.9999999999999989,0.3419299751828057,1.1811273278670233,-0.32689769908544547,0.9870203499572957
1.3957321400650844,-0.5927781443888149,0.9999999999999989,0.29627674708533563,1.2150303620128862,-0.35829413910520586,0.9879987692965082
1.3957321400650844,-0.5927781443888149,0.9999999999999989,0.25054108861282437,1.2488349881704122,-0.39016586692377697,0.9881539513354374
1.4783199494571113,-0.6769029579741116,0.999999999999999,0.34398878859720367,1.2658584698903972,-0.4066509929853423,0.9876597487625474
1.4783199494571113,-0.6769029579741116,0.999999999999999,0.2976190713909795,1.299899646282256,-0.43900439971126415,0.9878516236854346
1.4783199494571113,-0.6769029579741116,0.999999999999999,0.2513212130310894,1.333587370197232,-0.4718263639249675,0.9874133724372416
1.5582795808866508,-0.7624918196486993,0.9999999999999989,0.34428579094616246,1.3504987456037783,-0.48825901337868005,0.9875020680972161
1.5582795808866508,-0.7624918196486993,0.9999999999999989,0.2972798152792389,1.3844935170471344,-0.5216339442110333,0.9873044721543476
1.5582795808866508,-0.7624918196486993,0.9999999999999989,0.25007586667321313,1.4182746362015515,-0.5557260414680862,0.9864181176029786
1.6430960962758996,-0.8429238397397762,0.9999999999999981,0.34151894461077736,1.4349960765897016,-0.5724794779067213,0.9862370610923785
1.6430960962758996,-0.8429238397397762,0.9999999999999981,0.29320419920696206,1.468938994107959,-0.6075409791755428,0.9847384420959044
1.6430960962758996,-0.8429238397397762,0.9999999999999981,0.24593660163914183,1.5023802083505446,-0.6418581664845062,0.9839860701389717
1.7279068814557836,-0.9248964276584412,0.9999999999999981,0.338003585712303,1.519243520248689,-0.6595232065706815,0.9831750431311469
1.7279068814557836,-0.9248964276584412,0.9999999999999981,0.28901158785525316,1.5530044227235262,-0.6955134956983989,0.9821031184436945
1.7279068814557836,-0.9248964276584412,0.9999999999999981,0.24095844601195798,1.5863416821657215,-0.7307457618433568,0.9819504565702573
1.8072285088436453,-1.0107473276352401,0.9999999999999987,0.33269608468279105,1.6029427498956907,-0.7487844570853701,0.9818487491453295
1.8072285088436453,-1.0107473276352401,0.9999999999999987,0.2839576716658282,1.6358327102394794,-0.7850698650427151,0.9819688492736031
1.8072285088436453,-1.0107473276352401,0.9999999999999987,0.2356038903169747,1.6679367399904481,-0.8215688795429257,0.9821531224124757
1.8945176564779542,-1.09058957058227,0.9999999999999963,0.32825740450257707,1.683530895207828,-0.839718139464417,0.9826496331914336
1.8945176564779542,-1.09058957058227,0.9999999999999963,0.2803505359986857,1.7142556646784475,-0.8765072862532848,0.9835436066008187
1.8945176564779542,-1.09058957058227,0.9999999999999963,0.23314910082692214,1.743774375340726,-0.9133783339203612,0.984796579031614
1.9769207406887925,-1.17504922881165,0.9999999999999932,0.3272311054861251,1.7580537722195753,-0.9322441351483867,0.9850623629063939
1.9769207406887925,-1.17504922881165,0.9999999999999932,0.2811715401142337,1.7852384696523071,-0.9697598830322053,0.9868993721542368
1.9769207406887925,-1.17504922881165,0.9999999999999932,0.23606157633553934,1.8111570456917447,-1.007352714637723,0.9888042697040612
2.0015539966180502,-1.2803145078937748,0.9999999999999891,0.3107856392417156,1.8231237936785505,-1.0260555662597015,0.9898626020610861
2.0015539966180502,-1.2803145078937748,0.9999999999999891,0.26610760231001396,1.846637368823497,-1.0640782453448014,0.9925184761712595
1.9992227512677467,-1.4014050810035341,0.999999999999979,0.32800968386209917,1.8682718246354362,-1.1006954799287532,0.9960070884182416
1.9992227512677467,-1.4014050810035341,0.999999999999979,0.3064029180796001,1.8786943125331534,-1.1197186353045567,0.997103454924795
1.9992227512677467,-1.4014050810035341,0.999999999999979,0.26473839818208944,1.8980565266507843,-1.156758802939291,1.0001144468518368
2.001365279391884,-1.50510922266255,0.9999999999999702,0.3230476836810659,1.9160932417059326,-1.1935290816533848,1.0025102289330405
2.001365279391884,-1.50510922266255,0.9999999999999702,0.30286368996891444,1.9247020177912486,-1.2121292890689117,1.0034521781249477
2.001365279391884,-1.50510922266255,0.9999999999999702,0.2636627725146757,1.940719108016281,-1.2485604474168392,1.004777596417874
2.0010009456795594,-1.5612695131101832,1.0000000000000009,0.27932782123811534,1.9555908527568515,-1.2856978985668814,1.004715976715533
2.0010009456795594,-1.5612695131101832,1.0000000000000009,0.2599753599349354,1.9625575883260378,-1.3041937896155595,1.0046226008268553
1.9994320862118995,-1.6138622948921928,1.0000000000000004,0.2738118501866418,1.9757571924290798,-1.3410948898464665,1.003220473819934
1.9994320862118995,-1.6138622948921928,1.0000000000000004,0.23617404210893872,1.9875066182530712,-1.3779918674361251,1.0010501579546154
1.9989647661807741,-1.6646302427312938,1.0000000000000004,0.2681957341070526,1.9931443850914474,-1.3964982834952502,0.9994278169554143
2.001958040011304,-1.7208353456455507,1.000000000000001,0.2876771788728482,2.0031976412639136,-1.433192772146079,0.995713679482787
2.001958040011304,-1.7208353456455507,1.000000000000001,0.25169346113306895,2.0120875058369565,-1.4694850472509795,0.9916322167696209
2.000877567468286,-1.775840454185293,1.0000000000000007,0.28887850666362364,2.0160868851035105,-1.4875425901269597,0.9898112881737272
2.000877567468286,-1.775840454185293,1.0000000000000007,0.2522238148233318,2.0238001390482836,-1.5250713987420912,0.9856372249088631
1.9972851811777355,-1.8252295141649395,0.9999999999999999,0.26798514241469085,2.0301946672531015,-1.559768293440721,0.9837721667224114
1.9986614697856258,-1.8749559350746388,0.9999999999999997,0.3001888172941983,2.0330269768776024,-1.577195194351569,0.9835415907557974
1.9986614697856258,-1.8749559350746388,0.9999999999999997,0.2662038832369652,2.038115821648688,-1.6121860947414184,0.9838794360905285
2.003483962896923,-1.9308256309888903,1.0000000000000002,0.2865693668372592,2.042183347063551,-1.6472085554044036,0.9863723035132507
2.003483962896923,-1.9308256309888903,1.0000000000000002,0.26995447752951346,2.0439445277510457,-1.664190122562015,0.9880054897615744
2.001756829216741,-1.989422629826261,1.0000000000000009,0.2951489586835689,2.046231395208408,-1.6977675239804542,0.9915017633641371
2.001756829216741,-1.989422629826261,1.0000000000000009,0.26157496168450683,2.0472064021101883,-1.731875685505509,0.9949632971997594
1.9833077443253715,-2.040246910600376,1.000000000000001,0.2987947793943943,2.047249041150459,-1.7483940868871,0.9965707079071451
1.9833077443253715,-2.040246910600376,1.000000000000001,0.266058649002234,2.046467150839437,-1.7817942298627778,0.9994469202281926
1.9455527356411946,-2.0740585577064845,1.0000000000000007,0.2767358960441231,2.044153969324742,-1.8154891483808056,1.0015535238638824
1.9455527356411946,-2.0740585577064845,1.0000000000000007,0.2610547298284592,2.042445374030875,-1.831663904269908,1.0024941084696635
1.8949700038648634,-2.0905583164140853,0.9999999999999999,0.26784210279388154,2.0384463093383536,-1.8644060201160233,1.003013415975188
1.8426030907460664,-2.099695114684679,0.9999999999999996,0.27840716355396034,2.032820864461581,-1.8964205848266764,1.0026856641418525
1.8426030907460664,-2.099695114684679,0.9999999999999996,0.26449302023749816,2.0292520664184064,-1.9123047241945723,1.0018865807125903
1.7965409869704014,-2.1155073843544727,0.9999999999999996,0.28293526850639694,2.0215374118631955,-1.9439617736957397,1.001038467125442
1.7965409869704014,-2.1155073843544727,0.9999999999999996,0.257389005595371,2.011974048147397,-1.974665905122713,0.998827787949001
1.756329022108996,-2.142512729033331,0.9999999999999998,0.2933623246494615,2.006562037015788,-1.9894088439381026,0.99797709537042
1.756329022108996,-2.142512729033331,0.9999999999999998,0.2686891521490129,1.994486682699403,-2.0181793776213666,0.9959991361771648
1.716954496861307,-2.1743721539065106,0.9999999999999999,0.29336252236009314,1.980601634056611,-2.045818494706435,0.9949291735912636
1.716954496861307,-2.1743721539065106,0.9999999999999999,0.28077467118217975,1.9727662489456057,-2.0587512547661015,0.9948452783794036
1.716954496861307,-2.1743721539065106,0.9999999999999999,0.2552110428481614,1.95552763711103,-2.0838637504821236,0.9951253664137149
1.673318684159664,-2.199306815023074,0.9999999999999998,0.27862824824145205,1.9362147279916062,-2.10709362958771,0.9959876082597968
1.673318684159664,-2.199306815023074,0.9999999999999998,0.26535542095893627,1.9258863410413158,-2.1180124881797227,0.9962170708845154
1.6235132332625921,-2.2090018848831257,0.9999999999999998,0.28870318165482883,1.903480913804891,-2.1385810291666365,0.9970797209818544
1.6235132332625921,-2.2090018848831257,0.9999999999999998,0.26114069887940455,1.8794916206424843,-2.157395442003527,0.9974890521852484
1.5691905764630327,-2.2047621783801024,0.9999999999999999,0.3002257473737849,1.8669056524363137,-2.1660873192260435,0.9976573105658363
1.5691905764630327,-2.2047621783801024,0.9999999999999999,0.27256206955499174,1.8408203580374005,-2.182308912741223,0.9982127159959042
1.5691905764630327,-2.2047621783801024,0.9999999999999999,0.24431563144607535,1.8133799392127892,-2.1970421426106066,0.9985564154059847
1.5137311634785842,-2.196746613708941,1.0,0.28564551468775384,1.7992937812893441,-2.203575245719345,0.999150791448406
1.5137311634785842,-2.196746613708941,1.0,0.25744974072616283,1.7704580342061838,-2.216025445939143,1.0000973356181353
1.4597468110221161,-2.1951468810865284,0.9999999999999999,0.2830008398142682,1.7409916581693357,-2.2265854088493473,1.0015589293841214
1.4597468110221161,-2.1951468810865284,0.9999999999999999,0.26900436317296383,1.726254922199931,-2.231651368735966,1.0020485272703374
1.4075426743754995,-2.1998127401138743,0.9999999999999996,0.29129145140699786,1.6960225931882127,-2.240054986410103,1.0032569491306222
1.4075426743754995,-2.1998127401138743,0.9999999999999996,0.2625583580660173,1.6657646644644268,-2.2471627278138793,1.0040340909318284
1.356042748764704,-2.2035299512887914,0.9999999999999996,0.2982114868524547,1.6505380203115936,-2.250282421908074,1.0041027330242904
1.356042748764704,-2.2035299512887914,0.9999999999999996,0.26918839792771676,1.620144809715741,-2.255483907667518,1.0036443650891378
1.3036292335217419,-2.2007914752010103,0.9999999999999999,0.29223747718316395,1.5899054895331337,-2.2594674993472315,1.0024026037693248
1.3036292335217419,-2.2007914752010103,0.9999999999999999,0.2778647875396037,1.5748224284635572,-2.2612970560460064,1.001471685526617
1.3036292335217419,-2.2007914752010103,0.9999999999999999,0.2494469350109636,1.544970892344522,-2.2638603913007898,0.9994624825289684
1.2492832635076976,-2.1955222490511357,1.0000000000000007,0.2751665265590324,1.5152436625875776,-2.2660226031999633,0.9966260520567819
1.2492832635076976,-2.1955222490511357,1.0000000000000007,0.26151554385941633,1.5008068598751758,-2.266949460166361,0.9950589816072766
1.1944575776640687,-2.200009900048887,1.000000000000001,0.28601650932716893,1.47201880975611,-2.2685015602178145,0.9913919494337774
1.1944575776640687,-2.200009900048887,1.000000000000001,0.25938780365566927,1.4439324147726709,-2.270012709047698,0.9880022890839784
1.1464330012152135,-2.226984310280102,1.0000000000000007,0.2873996942369009,1.4301579726643572,-2.270829712539982,0.9867219909505969
1.1464330012152135,-2.226984310280102,1.0000000000000007,0.26166735025473864,1.4034926468490925,-2.273209218418675,0.9840814999607039
1.114183528094498,-2.2716056788462944,0.9999999999999998,0.2640927699249399,1.377668355603594,-2.276041622112666,0.9826489422089967
1.1010965588873618,-2.3229063703851107,0.9999999999999993,0.2684080201112683,1.3651086490055675,-2.2779861534845,0.9820373820095849
1.0985765057246653,-2.374015486538801,0.9999999999999997,0.2594455183002112,1.3406107617803118,-2.2822378926063163,0.9824424058134689
1.0886261456777524,-2.4243427185824142,0.9999999999999997,0.26627100745609616,1.3167867097565071,-2.288073240729522,0.9834580588609151
1.057390129218203,-2.470162347411585,0.9999999999999992,0.3059670783515081,1.3052313328216274,-2.29143743764714,0.9842520648637709
1.057390129218203,-2.470162347411585,0.9999999999999992,0.282639306368665,1.2822166202483942,-2.299460642256053,0.9858948841690208
1.057390129218203,-2.470162347411585,0.9999999999999992,0.2584037895109563,1.2594801324192286,-2.3095762024213173,0.9879900425897156
1.007417639542805,-2.499014698646654,0.9999999999999988,0.3029674133662975,1.2480305109958723,-2.315214342395608,0.9894109162358954
1.007417639542805,-2.499014698646654,0.9999999999999988,0.27683837373998776,1.2250401945600047,-2.328097370739299,0.9918039189976772
1.007417639542805,-2.499014698646654,0.9999999999999988,0.24935575240048233,1.2016489815930236,-2.3427546287528607,0.9940613488595128
0.9536313245444634,-2.503221321632215,0.999999999999999,0.2810295793221859,1.1896778323645345,-2.3507845575377133,0.9952351755172775
0.9536313245444634,-2.503221321632215,0.999999999999999,0.2510610990388206,1.1652033709994045,-2.3680869347250333,0.9972355679301405
0.9021339411914565,-2.499657885833186,0.9999999999999987,0.26327781866907335,1.1398822315526353,-2.3865628599317326,0.9993105438145657
0.8488580868290683,-2.5000462196890703,0.999999999999998,0.2969992110759637,1.1270811549588233,-2.3961210299671962,0.9998966487396251
0.8488580868290683,-2.5000462196890703,0.999999999999998,0.26543757610685564,1.1005889785410166,-2.4158595133057217,1.0011240265628558
0.7949908561070804,-2.4998648037234816,0.9999999999999984,0.2854924932857947,1.0731980329105844,-2.4358146419877746,1.0020753985624948
0.7949908561070804,-2.4998648037234816,0.9999999999999984,0.26960759054737976,1.0590939775362158,-2.44572525372971,1.002589065202506
0.7429598260142347,-2.4994141007160873,0.9999999999999984,0.28914282097825234,1.0300511515037445,-2.465178699033439,1.0031747477956106
0.7429598260142347,-2.4994141007160873,0.9999999999999984,0.2575946952503658,1.0000390679904947,-2.483537298831404,1.0036355918300786
0.6891165686552879,-2.5015662522789324,0.9999999999999951,0.29560285638472533,0.9845532884965312,-2.4922979239943497,1.0035059040295502
0.6891165686552879,-2.5015662522789324,0.9999999999999951,0.2640320986301074,0.9530316405201117,-2.508538853021732,1.0036286069620632
0.6364960712812835,-2.498121990267119,0.9999999999999925,0.2849278649351973,0.9203084157313619,-2.5231149616527877,1.0031293346889028
0.6364960712812835,-2.498121990267119,0.9999999999999925,0.2690587420120999,0.9036912534017231,-2.529608234211685,1.0028209478942578
0.5833581994775103,-2.501272859238303,0.9999999999999867,0.28900627014171243,0.8695565616187785,-2.5414291461184266,1.0016106870835624
0.5833581994775103,-2.501272859238303,0.9999999999999867,0.2557286022555634,0.8341566091185741,-2.5512452973522204,1.0001765277540828
0.5305015562106388,-2.499633422510562,0.999999999999974,0.29099326649930696,0.8161375133176273,-2.555213010257128,0.9996990325050213
0.5305015562106388,-2.499633422510562,0.999999999999974,0.25680815410102203,0.7796558567347297,-2.5618386795443304,0.9982482749964314
0.45393405769995254,-2.5004979664573814,0.9999999999999823,0.29568734404090324,0.7421454273036204,-2.566491309837699,0.9968234473671934
0.45393405769995254,-2.5004979664573814,0.9999999999999823,0.2777640395678747,0.7233283923415809,-2.568055574743724,0.9960599869686143
0.45393405769995254,-2.5004979664573814,0.9999999999999823,0.24088996969062257,0.6846978073690947,-2.5694183548973366,0.9948961393560927
0.3487130731838678,-2.5007419304640948,1.0000000000000009,0.3049674790033271,0.645911788945317,-2.5688855496488743,0.9941234564759688
0.3487130731838678,-2.5007419304640948,1.0000000000000009,0.2856168149170315,0.626318874728662,-2.567647261680688,0.9940283530897965
0.3487130731838678,-2.5007419304640948,1.0000000000000009,0.24697316444280756,0.587467681191573,-2.5636892893851,0.994558390417236
0.23454164063427313,-2.5015646489785555,1.0000000000000002,0.3191249119084546,0.5486579881813916,-2.5576930359702104,0.9953919876354494
0.23454164063427313,-2.5015646489785555,1.0000000000000002,0.29955161564396465,0.5294808198691701,-2.553790322569926,0.9961881756228191
0.23454164063427313,-2.5015646489785555,1.0000000000000002,0.2607404752689866,0.4917164368676662,-2.5444886257373076,0.9979379997517313
0.13996353196771727,-2.4614359672032804,1.0000000000000007,0.32324108881542746,0.4551019474112667,-2.533356622118044,0.9999973649724219
0.13996353196771727,-2.4614359672032804,1.0000000000000007,0.304273873105857,0.4370388443876458,-2.5272284562696923,1.0004438331748533
0.13996353196771727,-2.4614359672032804,1.0000000000000007,0.26695292811039234,0.4017751098250466,-2.513549687034865,1.0016503732556623
0.10252012996790616,-2.3683486888732372,1.000000000000001,0.2959996527763621,0.36819890620967405,-2.4988336229575636,1.0020650122063963
0.10252012996790616,-2.3683486888732372,1.000000000000001,0.27769758179535386,0.35174743602805414,-2.4908031132330084,1.0025711483243198
0.10252012996790616,-2.3683486888732372,1.000000000000001,0.24179324410567024,0.3197705953760365,-2.474444321294774,1.0031503898439957
0.10008146283535146,-2.2563244747405595,1.0000000000000004,0.275462211792608,0.2891844692601395,-2.45657482152597,1.0043910931560351
0.10008146283535146,-2.2563244747405595,1.0000000000000004,0.2583998150009491,0.2741813323538057,-2.4472058287085847,1.0048998503564297
0.09135706111081725,-2.152360059816011,0.9999999999999998,0.3156395370667649,0.2454241801054823,-2.427767767907015,1.006498809773002
0.09135706111081725,-2.152360059816011,0.9999999999999998,0.2846162632142037,0.21763464954195602,-2.4072950027671416,1.0082802662117005
0.09135706111081725,-2.152360059816011,0.9999999999999998,0.26915327685478924,0.20435568356612727,-2.396490303909665,1.0086730435053728
0.06038793717039809,-2.060266625524832,0.9999999999999998,0.33456864351024307,0.178244354643256,-2.3732581193226205,1.0090756206937246
0.06038793717039809,-2.060266625524832,0.9999999999999998,0.3034731983311688,0.15370970319956484,-2.348908703964531,1.008531157281226
0.06038793717039809,-2.060266625524832,0.9999999999999998,0.2877018373071267,0.14188718955591406,-2.336063676747013,1.0081366816115662
0.06038793717039809,-2.060266625524832,0.9999999999999998,0.2556189154196726,0.12005226280070129,-2.3087395683291208,1.0065111336637678
0.01919193421750378,-1.970740404176426,1.0000000000000004,0.3179580152750673,0.09936021471178925,-2.2783953367435843,1.0043345988680372
0.01919193421750378,-1.970740404176426,1.0000000000000004,0.3005759184125468,0.09004401217026892,-2.2628284498544327,1.003230998502637
0.01919193421750378,-1.970740404176426,1.0000000000000004,0.26443387879116476,0.07264076371273243,-2.2297152678806924,1.0007203106878537
-0.009487066301000213,-1.8737672278499247,1.000000000000001,0.32747531332651575,0.057126207484335986,-2.194389275646447,0.9979372201610524
-0.009487066301000213,-1.8737672278499247,1.000000000000001,0.308065124939173,0.049825477491938996,-2.1760467586258967,0.9963628821221876
-0.009487066301000213,-1.8737672278499247,1.000000000000001,0.2688282699341271,0.037082304564549785,-2.138463098969516,0.9939976483605585
-0.013016985601293558,-1.7663194846216275,1.000000000000001,0.3354382429381503,0.026347242270342783,-2.0993568136754903,0.9925562209750382
-0.013016985601293558,-1.7663194846216275,1.000000000000001,0.3149704094806817,0.02130351744456386,-2.079323666317159,0.9924604933703577
-0.013016985601293558,-1.7663194846216275,1.000000000000001,0.27390233832049393,0.012594174779312656,-2.0389215130449436,0.9926044945482613
-0.013016985601293558,-1.7663194846216275,1.000000000000001,0.2319994507410257,0.005068099615346916,-1.9975488389496385,0.99455385146222
0.002028871610578388,-1.6529716215043568,1.0000000000000007,0.3239885566178925,0.0015796641595824887,-1.9769294519564342,0.9955607297002332
0.002028871610578388,-1.6529716215043568,1.0000000000000007,0.2822472156701534,-0.0049024608243745755,-1.9351322891278573,0.9991027650860832
0.002028871610578388,-1.6529716215043568,1.0000000000000007,0.24149804492644983,-0.01064874721649208,-1.8941255972892517,1.0023116330399642
0.013241355745427988,-1.5421890209715094,0.9999999999999998,0.3325223710254114,-0.013401060321779113,-1.873616218807836,1.0041619025485518
0.013241355745427988,-1.5421890209715094,0.9999999999999998,0.29295410743219386,-0.01871758037187432,-1.8333236732553042,1.006430373491289
0.013241355745427988,-1.5421890209715094,0.9999999999999998,0.2541928238099761,-0.023860129617096246,-1.7935342646122556,1.0079397707497064
0.005786026227344036,-1.4384697178097994,0.9999999999999996,0.3368779982725414,-0.02656786234302992,-1.7736882503298401,1.008279315768866
0.005786026227344036,-1.4384697178097994,0.9999999999999996,0.2992593214655744,-0.031597138852364266,-1.7352818143299455,1.0078243090413601
0.005786026227344036,-1.4384697178097994,0.9999999999999996,0.2626724548092759,-0.03692947388455139,-1.6975539362138456,1.0068972704518675
-0.020923735849206843,-1.3414830503985686,0.9999999999999997,0.33795402502811683,-0.03939940092108893,-1.678880660804039,1.0058673099061766
-0.020923735849206843,-1.3414830503985686,0.9999999999999997,0.30082882534877975,-0.04477109411486944,-1.6413316958453505,1.0044805678441286
-0.020923735849206843,-1.3414830503985686,0.9999999999999997,0.26411152155597756,-0.049821187823725556,-1.6039872800754897,1.0033708292333248
-0.05582529864372951,-1.247459943109368,0.9999999999999999,0.3379011107994788,-0.05222003722139955,-1.5853292201977365,1.002917939235424
-0.05582529864372951,-1.247459943109368,0.9999999999999999,0.2994573899398158,-0.05708950625460218,-1.546908535512574,1.0019159009426704
-0.05582529864372951,-1.247459943109368,0.9999999999999999,0.2614333783714694,-0.061770187833567664,-1.5088232373155666,1.0011393247669305
-0.0851619951009545,-1.151873943104049,0.9999999999999999,0.33821036141715394,-0.06400223922096256,-1.489420780530515,1.0008036444561514
-0.0851619951009545,-1.151873943104049,0.9999999999999999,0.298511553872614,-0.0684123772331466,-1.4499149474748378,0.9996027464583301
-0.0851619951009545,-1.151873943104049,0.9999999999999999,0.258294686859634,-0.07269463690628794,-1.4098632878268031,0.9985139821379946
-0.10122929364668579,-1.051822226732766,0.9999999999999998,0.3387671608085268,-0.07459510033924371,-1.3895337275995305,0.9978202817958894
-0.10122929364668579,-1.051822226732766,0.9999999999999998,0.2970416722885509,-0.07874956491313115,-1.3479884705273693,0.9962619646015279
-0.10122929364668579,-1.051822226732766,0.9999999999999998,0.2551171548091561,-0.08270944519130075,-1.306209405193213,0.9946202856914916
-0.10458565574943268,-0.9465959602140395,0.9999999999999998,0.33931177123745,-0.08477231768662473,-1.2852691808792989,0.9936470999279847
-0.10458565574943268,-0.9465959602140395,0.9999999999999998,0.2961058460826817,-0.08845418631903658,-1.2421449125519286,0.9916774673125828
-0.10458565574943268,-0.9465959602140395,0.9999999999999998,0.252746299931452,-0.09224918725150177,-1.198854374289826,0.990294527213575
-0.10310681689259406,-0.8384619082034127,0.9999999999999999,0.33890518165862327,-0.09403582423993459,-1.1770901774227285,0.9897367386815671
-0.10310681689259406,-0.8384619082034127,0.9999999999999999,0.2946591850371913,-0.09762103940230857,-1.1328831353968698,0.9895079768391623
-0.10310681689259406,-0.8384619082034127,0.9999999999999999,0.25011674171094467,-0.10115134546125995,-1.088373651593169,0.9900661622988275
-0.10071022112586134,-0.7292209493906642,1.0,0.33682519705970043,-0.1026645558101852,-1.0659172985752066,0.9908916304396236
-0.10071022112586134,-0.7292209493906642,1.0,0.2916891762278837,-0.10600787019201399,-1.0207628825184352,0.9923966013523172
-0.10071022112586134,-0.7292209493906642,1.0,0.24663880753894532,-0.10917730918791353,-0.9756276221159009,0.9934607767693375
-0.09774008936914229,-0.6199833686780948,0.9999999999999998,0.3326457000715189,-0.11031398799051896,-0.9523416564143332,0.9942530510211067
-0.09774008936914229,-0.6199833686780948,0.9999999999999998,0.28715317831592974,-0.11351399908271605,-0.9066453273816806,0.994250824275443
-0.09774008936914229,-0.6199833686780948,0.9999999999999998,0.24218119866424023,-0.11628179912272571,-0.861353207305792,0.9930330073416523
-0.09488388892099021,-0.5116865923780917,0.9999999999999996,0.32762165664222076,-0.11745663886910734,-0.8384374025692848,0.9922328319078405
-0.09488388892099021,-0.5116865923780917,0.9999999999999996,0.28224898328452613,-0.12057352945707418,-0.7925632390627535,0.9893773693721771
-0.09488388892099021,-0.5116865923780917,0.9999999999999996,0.23809770240154002,-0.12392479032992836,-0.7475733500056051,0.9856968706141841
-0.0977757722055948,-0.40624099408565695,0.9999999999999996,0.320311726823799,-0.12550388927955164,-0.724941382370574,0.983850189740432
-0.0977757722055948,-0.40624099408565695,0.9999999999999996,0.27675742770475387,-0.12943052260560556,-0.6804546704237673,0.9800122468495542
-0.0977757722055948,-0.40624099408565695,0.9999999999999996,0.23367021956455128,-0.13336086311382941,-0.6360549739427556,0.9771744117569915
-0.11775777360183208,-0.3072891200175389,1.0,0.3081179221694455,-0.13571940613727917,-0.6139527822305136,0.9760953561665401
-0.11775777360183208,-0.3072891200175389,1.0,0.26477467609241495,-0.14083478466778024,-0.5697973178687474,0.9742604055778626
-0.16745087076444065,-0.2197028388265953,1.0000000000000007,0.3079201536923555,-0.1461668158500056,-0.5257950153756465,0.97412743708506
-0.16745087076444065,-0.2197028388265953,1.0000000000000007,0.2858256939882542,-0.14923643828088368,-0.5037786283710075,0.9742025662538328
-0.16745087076444065,-0.2197028388265953,1.0000000000000007,0.24194952695617272,-0.15553691151417257,-0.4600456084517445,0.9748408215910948
-0.2435104209988721,-0.14317421996635557,1.0000000000000009,0.28641613001619926,-0.16282097872309487,-0.4169424628531152,0.9760341362480607
-0.2435104209988721,-0.14317421996635557,1.0000000000000009,0.26469194722712014,-0.16682631791248045,-0.3954521323053217,0.9768217730054023
-0.33248906854447996,-0.07291436848608773,1.0000000000000002,0.3216009333700535,-0.17552697933338998,-0.35275797953693927,0.978145566834183
-0.33248906854447996,-0.07291436848608773,1.0000000000000002,0.28115326594697904,-0.18477228301746004,-0.31124204039626796,0.9793401106467
-0.33248906854447996,-0.07291436848608773,1.0000000000000002,0.26095236588909004,-0.19016403367961945,-0.29071887702356414,0.9799770687815663
-0.4147162189486524,-0.00023667418773543059,0.9999999999999996,0.32812663219005833,-0.20236487621630084,-0.2496877685012887,0.9813413414756595
-0.4147162189486524,-0.00023667418773543059,0.9999999999999996,0.28928642614655237,-0.21568286033958847,-0.20951343941397524,0.9833989744328324
-0.4147162189486524,-0.00023667418773543059,0.9999999999999996,0.2700477952100603,-0.2228960711559918,-0.18968632198641114,0.9845186064072307
-0.4147162189486524,-0.00023667418773543059,0.9999999999999996,0.23170744583967331,-0.23850277448455645,-0.15017985490035454,0.9875820691970453
-0.4733520269128222,0.08298515801481884,0.9999999999999994,0.29104091961318806,-0.25624237742344635,-0.11061367967429568,0.9906347966752205
-0.4733520269128222,0.08298515801481884,0.9999999999999994,0.271463084768389,-0.2653399803716237,-0.09127498479182923,0.9924768680246564
-0.4733520269128222,0.08298515801481884,0.9999999999999994,0.23232349698528224,-0.2847880770420713,-0.052651155451565824,0.9954574753869627
-0.5016272774652676,0.17953649280595546,0.9999999999999998,0.27648539976098463,-0.30499418411115103,-0.014822493240125363,0.9979536808357156
-0.5016272774652676,0.17953649280595546,0.9999999999999998,0.25582489855155305,-0.3155556726162996,0.003974010353507439,0.9987544708049217
-0.5048404392232484,0.2857938144932452,0.9999999999999997,0.29675727189828044,-0.3369611620199127,0.04108798021161469,0.9993061853801666
-0.5048404392232484,0.2857938144932452,0.9999999999999997,0.25429170566886944,-0.35857943553330324,0.07777757413791218,0.9988890904514364
-0.49926482180209847,0.394727200079298,0.999999999999999,0.32601868218249297,-0.36922738797859145,0.09577143647102282,0.9980255780594086
-0.49926482180209847,0.394727200079298,0.999999999999999,0.28444223440178124,-0.39055717295692066,0.13190952415497437,0.9958889154997064
-0.49926482180209847,0.394727200079298,0.999999999999999,0.2430555410558087,-0.4110844840298326,0.168327370722698,0.9934165863259694
-0.4980259228023303,0.5026121161836374,0.9999999999999989,0.3250265119880178,-0.42114821990832274,0.1869062427269839,0.992135283996912
-0.4980259228023303,0.5026121161836374,0.9999999999999989,0.28397144043743205,-0.44016721995128355,0.22480376175317704,0.989291699614597
-0.4980259228023303,0.5026121161836374,0.9999999999999989,0.24282903863079072,-0.45759391618159917,0.26352116982158125,0.987088214272549
-0.5007381823154731,0.6096991649017196,0.999999999999999,0.32839553590195164,-0.46563055075012727,0.28348998512609697,0.985905560092098
-0.5007381823154731,0.6096991649017196,0.999999999999999,0.2860149548050373,-0.48053589013169795,0.3248565740170497,0.9838407865056031
-0.5007381823154731,0.6096991649017196,0.999999999999999,0.24230432583188125,-0.4932810106960014,0.36812238707569644,0.9827826447014504
-0.5007922642810823,0.7169150844464924,0.9999999999999984,0.32714354843348564,-0.4988786087983608,0.3902511106295875,0.9823963806422003
-0.5007922642810823,0.7169150844464924,0.9999999999999984,0.2821498709111498,-0.5084211050328716,0.4354666902401174,0.9816383050179098
-0.5007922642810823,0.7169150844464924,0.9999999999999984,0.2363730201834185,-0.5158391353663188,0.4817669476861186,0.9812610000453699
-0.49885365088562283,0.824520362329096,0.9999999999999979,0.32034978451250135,-0.5189891134521109,0.5053282230588759,0.9816990215414548
-0.49885365088562283,0.824520362329096,0.9999999999999979,0.27316684636701377,-0.5235811472694444,0.5530367195150938,0.9825269189572311
-0.49885365088562283,0.824520362329096,0.9999999999999979,0.2256581359364641,-0.5265878776228261,0.6011231368892586,0.9843128508838719
-0.5004188827488725,0.9322158077619626,0.9999999999999988,0.30859160839716687,-0.5277875897616032,0.625212778454611,0.9848713964388262
-0.5004188827488725,0.9322158077619626,0.9999999999999988,0.26069415759553966,-0.5291642496548684,0.6734490789224421,0.9867739752161936
-0.5006268398928094,1.0393801162560787,0.999999999999998,0.3194799282241298,-0.5294385877160083,0.7214014258484884,0.9887367778970052
-0.5006268398928094,1.0393801162560787,0.999999999999998,0.29565457201760786,-0.5296192075524441,0.7453399868403741,0.9894420236030218
-0.5006268398928094,1.0393801162560787,0.999999999999998,0.24752126858433288,-0.529514088729447,0.7937246231112919,0.9907434377850495
-0.4993000954303141,1.1468682228918272,0.9999999999999943,0.30701794561278617,-0.5288444514191953,0.8414006263379973,0.9912422940718099
-0.4993000954303141,1.1468682228918272,0.9999999999999943,0.28335299174336753,-0.5286231725946214,0.8651672033909531,0.9914203328910031
-0.4993000954303141,1.1468682228918272,0.9999999999999943,0.236393824577665,-0.5277250146318945,0.9123708383135521,0.9907782380865616
-0.5002668627337019,1.2544360646873365,0.9999999999999911,0.2968622267319874,-0.5271420119179566,0.9590003318204726,0.9889258967849667
-0.5002668627337019,1.2544360646873365,0.9999999999999911,0.273572823306218,-0.5268494776157806,0.9824316800912005,0.9877906184331947
-0.5002668627337019,1.2544360646873365,0.9999999999999911,0.22749696549279408,-0.5262591490352744,1.02890606141865,0.985320490918523
-0.5001761027415904,1.3618467041576041,0.9999999999999837,0.2886480476181845,-0.5253530927053298,1.0748149349515805,0.9827785588112935
-0.5001761027415904,1.3618467041576041,0.9999999999999837,0.266155391519184,-0.5249756508605047,1.0974989918653673,0.9814537913931406
-0.4994026731721601,1.4690543249745949,0.9999999999999691,0.3284459619411231,-0.5237343112317931,1.142166211989288,0.9792905119891596
-0.4994026731721601,1.4690543249745949,0.9999999999999691,0.2846518541894891,-0.5223838249863496,1.1862252059886764,0.9775003509258942
-0.4994026731721601,1.4690543249745949,0.9999999999999691,0.2631709777065088,-0.521856205443106,1.2078718210494201,0.9767943532963448
-0.49972685662314353,1.5082689665812614,0.9999999999999944,0.2597844915172171,-0.5199285204292472,1.2503940335747876,0.9759086376634466
-0.4999999999999994,1.5200668896321083,1.0000000000000007,0.23072466231639988,-0.5175241086747937,1.2913024093573129,0.9756363389291872
-0.4999999999999993,1.5317725752508384,1.0,0.22197809961535186,-0.516157639683691,1.3117261748118507,0.9756527405538172
-0.49999999999999956,1.5434782608695674,1.0000000000000009,0.1931440603181682,-0.5140154822928544,1.3523016274363524,0.9763422502881409
-0.4999999999999996,1.5551839464882944,1.0000000000000009,0.16800628949481738,-0.51125832429308,1.3890559882491706,0.97761998804227
-0.4999999999999995,1.5668896321070227,1.0000000000000002,0.16217428044721424,-0.509633825617716,1.406542288948382,0.9777196008899243
-0.4999999999999995,1.578595317725752,0.9999999999999997,0.13908792974816248,-0.5067171799317033,1.441304632308222,0.9787491319476184
-0.4999999999999997,1.5903010033444827,0.9999999999999999,0.11777596085878714,-0.503900906577008,1.4742492602810686,0.9803034821343632
-0.5000000000000001,1.6020066889632123,1.0000000000000007,0.1137456680443736,-0.5029875629277124,1.4898653904966304,0.9811989190512154
-0.5000000000000002,1.6137123745819413,1.0000000000000013,0.09580597075689759,-0.5010429984578119,1.5194924077612162,0.9826710058229009
-0.5000000000000001,1.625418060200669,1.0000000000000009,0.07991099616317163,-0.49934921714124136,1.5470601389911975,0.9843353910616504
-0.49999999999999994,1.637123745819397,1.0000000000000002,0.07873575298804526,-0.49864769774745715,1.559880815798746,0.9848006632040389
-0.49999999999999994,1.6488294314381267,0.9999999999999997,0.06609601560178516,-0.4976859582041636,1.5842874634746626,0.9859407375584014
-0.5000000000000001,1.660535117056856,0.9999999999999996,0.055794082542732756,-0.49736923268619854,1.606547429241271,0.9861656848939733
-0.5000000000000004,1.6722408026755862,0.9999999999999998,0.05692312409794113,-0.4972536117614738,1.6170438345351728,0.9863620339925969
-0.5000000000000004,1.6839464882943147,0.9999999999999999,0.0493828284806595,-0.4971372626373469,1.636613413085832,0.9862141929923985
-0.5000000000000003,1.6956521739130432,0.9999999999999999,0.043133605643834075,-0.4975563259143471,1.6547725287183384,0.9864578066194598
-0.5000000000000002,1.707357859531771,0.9999999999999998,0.04635346658711808,-0.4977435510130244,1.663123578943496,0.9863295675470746
-0.5000000000000001,1.7190635451504999,0.9999999999999998,0.04204937612556192,-0.4985972828604984,1.6790933286487284,0.9870167719739255
-0.5000000000000003,1.7307692307692286,1.0,0.03864966954275623,-0.49936716984192336,1.6939270619991318,0.9883359062902003
-0.5000000000000006,1.7424749163879587,1.0,0.04292848354234167,-0.49976764487429043,1.7009633955220094,0.9890640800233127
-0.5000000000000006,1.7541806020066881,0.9999999999999997,0.040790510852160164,-0.5012404297238573,1.7145312755016073,0.990499578042325
-0.5000000000000003,1.765886287625417,0.9999999999999994,0.039049046772229146,-0.503070667224155,1.7277642609300383,0.9921190015064665
-0.5000000000000002,1.7775919732441468,0.9999999999999997,0.04419931048112651,-0.5038247607510755,1.7341321621895234,0.9929151517094228
-0.5,1.7892976588628757,1.0000000000000002,0.04324011791027052,-0.5057953215558071,1.7469397171068648,0.9935249080969242
-0.49999999999999994,1.8010033444816052,1.0000000000000009,0.042674009281113416,-0.5079320697766044,1.759569413887994,0.99356705877942
-0.4999999999999997,1.8127090301003341,1.0000000000000009,0.047922395040262286,-0.5089988795626645,1.7660735138999093,0.9936199732185899
-0.49999999999999944,1.8244147157190636,1.0,0.04743574189043141,-0.5111828287472734,1.7788831000972454,0.9927912602507944
-0.4999999999999991,1.8361204013377925,0.9999999999999993,0.04647277490328941,-0.5130727347091842,1.7922000509067435,0.99226532273143
-0.499999999999999,1.8478260869565224,0.9999999999999994,0.05162462863126701,-0.5141283891493695,1.7988569889270243,0.991783045604508
-0.49999999999999917,1.8595317725752518,0.9999999999999998,0.050107986793898364,-0.5159289003893941,1.812785621841392,0.9915219185844031
-0.49999999999999917,1.8712374581939804,0.9999999999999994,0.048321077016510845,-0.5175089141674987,1.8270720176325337,0.9911808011291252
-0.4999999999999989,1.882943143812709,0.9999999999999989,0.05274950855158297,-0.5182899204932426,1.8342519209405306,0.9912162493206942
-0.4999999999999987,1.8946488294314365,0.9999999999999989,0.049971519433282624,-0.5193695753408958,1.849395221952572,0.991392833466632
-0.4999999999999985,1.9063545150501653,0.9999999999999989,0.047341217167117665,-0.5202893592003982,1.864496619769974,0.9911994688334222
-0.49999999999999784,1.918060200668894,0.9999999999999981,0.05120377863038206,-0.5206447024182337,1.872088245483922,0.9909334381068335
-0.4999999999999973,1.929765886287623,0.9999999999999979,0.04794930441366377,-0.5213010386893205,1.8878563519615965,0.9905664175900247
-0.49999999999999767,1.94147157190635,0.9999999999999988,0.04450157866460779,-0.5214653836502234,1.903889219010898,0.9896465194628746
-0.49999999999999734,1.9531772575250763,0.9999999999999969,0.047796216877471306,-0.5214275386953212,1.9118938375945291,0.9889991740266088
-0.4999999999999954,1.964882943143802,0.9999999999999936,0.04425990511081013,-0.5214316580085753,1.9282300296808168,0.9875025134488461
-0.4999999999999941,1.9765886287625243,0.9999999999999898,0.04086600239230409,-0.520950351019316,1.9444137049442771,0.9860040284015263
-0.49999999999998923,1.9882943143812348,0.9999999999999806,0.04381841247730142,-0.5206499880381434,1.9525881680038453,0.9852114105834255
-0.4999999999999822,1.9999999999999294,0.9999999999999643,0.04036689384879374,-0.5197188676171464,1.968737488899338,0.9837732388141348
